010175
020175
030175
040175
050175
060175
070175
080175
090175
100175
110175
120175
130175
140175
150175
160175
170175
180175
190175
200175
210175
220175
230175
240175
250175
260175
270175
280175
290175
300175
310175
010275
020275
030275
040275
050275
060275
070275
080275
090275
100275
110275
120275
130275
140275
150275
160275
170275
180275
190275
200275
210275
220275
230275
240275
250275
260275
270275
280275
290275
300275
310275
010375
020375
030375
040375
050375
060375
070375
080375
090375
100375
110375
120375
130375
140375
150375
160375
170375
180375
190375
200375
210375
220375
230375
240375
250375
260375
270375
280375
290375
300375
310375
010475
020475
030475
040475
050475
060475
070475
080475
090475
100475
110475
120475
130475
140475
150475
160475
170475
180475
190475
200475
210475
220475
230475
240475
250475
260475
270475
280475
290475
300475
310475
010575
020575
030575
040575
050575
060575
070575
080575
090575
100575
110575
120575
130575
140575
150575
160575
170575
180575
190575
200575
210575
220575
230575
240575
250575
260575
270575
280575
290575
300575
310575
010675
020675
030675
040675
050675
060675
070675
080675
090675
100675
110675
120675
130675
140675
150675
160675
170675
180675
190675
200675
210675
220675
230675
240675
250675
260675
270675
280675
290675
300675
310675
010775
020775
030775
040775
050775
060775
070775
080775
090775
100775
110775
120775
130775
140775
150775
160775
170775
180775
190775
200775
210775
220775
230775
240775
250775
260775
270775
280775
290775
300775
310775
010875
020875
030875
040875
050875
060875
070875
080875
090875
100875
110875
120875
130875
140875
150875
160875
170875
180875
190875
200875
210875
220875
230875
240875
250875
260875
270875
280875
290875
300875
310875
010975
020975
030975
040975
050975
060975
070975
080975
090975
100975
110975
120975
130975
140975
150975
160975
170975
180975
190975
200975
210975
220975
230975
240975
250975
260975
270975
280975
290975
300975
310975
011075
021075
031075
041075
051075
061075
071075
081075
091075
101075
111075
121075
131075
141075
151075
161075
171075
181075
191075
201075
211075
221075
231075
241075
251075
261075
271075
281075
291075
301075
311075
011175
021175
031175
041175
051175
061175
071175
081175
091175
101175
111175
121175
131175
141175
151175
161175
171175
181175
191175
201175
211175
221175
231175
241175
251175
261175
271175
281175
291175
301175
311175
011275
021275
031275
041275
051275
061275
071275
081275
091275
101275
111275
121275
131275
141275
151275
161275
171275
181275
191275
201275
211275
221275
231275
241275
251275
261275
271275
281275
291275
301275
311275
010176
020176
030176
040176
050176
060176
070176
080176
090176
100176
110176
120176
130176
140176
150176
160176
170176
180176
190176
200176
210176
220176
230176
240176
250176
260176
270176
280176
290176
300176
310176
010276
020276
030276
040276
050276
060276
070276
080276
090276
100276
110276
120276
130276
140276
150276
160276
170276
180276
190276
200276
210276
220276
230276
240276
250276
260276
270276
280276
290276
300276
310276
010376
020376
030376
040376
050376
060376
070376
080376
090376
100376
110376
120376
130376
140376
150376
160376
170376
180376
190376
200376
210376
220376
230376
240376
250376
260376
270376
280376
290376
300376
310376
010476
020476
030476
040476
050476
060476
070476
080476
090476
100476
110476
120476
130476
140476
150476
160476
170476
180476
190476
200476
210476
220476
230476
240476
250476
260476
270476
280476
290476
300476
310476
010576
020576
030576
040576
050576
060576
070576
080576
090576
100576
110576
120576
130576
140576
150576
160576
170576
180576
190576
200576
210576
220576
230576
240576
250576
260576
270576
280576
290576
300576
310576
010676
020676
030676
040676
050676
060676
070676
080676
090676
100676
110676
120676
130676
140676
150676
160676
170676
180676
190676
200676
210676
220676
230676
240676
250676
260676
270676
280676
290676
300676
310676
010776
020776
030776
040776
050776
060776
070776
080776
090776
100776
110776
120776
130776
140776
150776
160776
170776
180776
190776
200776
210776
220776
230776
240776
250776
260776
270776
280776
290776
300776
310776
010876
020876
030876
040876
050876
060876
070876
080876
090876
100876
110876
120876
130876
140876
150876
160876
170876
180876
190876
200876
210876
220876
230876
240876
250876
260876
270876
280876
290876
300876
310876
010976
020976
030976
040976
050976
060976
070976
080976
090976
100976
110976
120976
130976
140976
150976
160976
170976
180976
190976
200976
210976
220976
230976
240976
250976
260976
270976
280976
290976
300976
310976
011076
021076
031076
041076
051076
061076
071076
081076
091076
101076
111076
121076
131076
141076
151076
161076
171076
181076
191076
201076
211076
221076
231076
241076
251076
261076
271076
281076
291076
301076
311076
011176
021176
031176
041176
051176
061176
071176
081176
091176
101176
111176
121176
131176
141176
151176
161176
171176
181176
191176
201176
211176
221176
231176
241176
251176
261176
271176
281176
291176
301176
311176
011276
021276
031276
041276
051276
061276
071276
081276
091276
101276
111276
121276
131276
141276
151276
161276
171276
181276
191276
201276
211276
221276
231276
241276
251276
261276
271276
281276
291276
301276
311276
010177
020177
030177
040177
050177
060177
070177
080177
090177
100177
110177
120177
130177
140177
150177
160177
170177
180177
190177
200177
210177
220177
230177
240177
250177
260177
270177
280177
290177
300177
310177
010277
020277
030277
040277
050277
060277
070277
080277
090277
100277
110277
120277
130277
140277
150277
160277
170277
180277
190277
200277
210277
220277
230277
240277
250277
260277
270277
280277
290277
300277
310277
010377
020377
030377
040377
050377
060377
070377
080377
090377
100377
110377
120377
130377
140377
150377
160377
170377
180377
190377
200377
210377
220377
230377
240377
250377
260377
270377
280377
290377
300377
310377
010477
020477
030477
040477
050477
060477
070477
080477
090477
100477
110477
120477
130477
140477
150477
160477
170477
180477
190477
200477
210477
220477
230477
240477
250477
260477
270477
280477
290477
300477
310477
010577
020577
030577
040577
050577
060577
070577
080577
090577
100577
110577
120577
130577
140577
150577
160577
170577
180577
190577
200577
210577
220577
230577
240577
250577
260577
270577
280577
290577
300577
310577
010677
020677
030677
040677
050677
060677
070677
080677
090677
100677
110677
120677
130677
140677
150677
160677
170677
180677
190677
200677
210677
220677
230677
240677
250677
260677
270677
280677
290677
300677
310677
010777
020777
030777
040777
050777
060777
070777
080777
090777
100777
110777
120777
130777
140777
150777
160777
170777
180777
190777
200777
210777
220777
230777
240777
250777
260777
270777
280777
290777
300777
310777
010877
020877
030877
040877
050877
060877
070877
080877
090877
100877
110877
120877
130877
140877
150877
160877
170877
180877
190877
200877
210877
220877
230877
240877
250877
260877
270877
280877
290877
300877
310877
010977
020977
030977
040977
050977
060977
070977
080977
090977
100977
110977
120977
130977
140977
150977
160977
170977
180977
190977
200977
210977
220977
230977
240977
250977
260977
270977
280977
290977
300977
310977
011077
021077
031077
041077
051077
061077
071077
081077
091077
101077
111077
121077
131077
141077
151077
161077
171077
181077
191077
201077
211077
221077
231077
241077
251077
261077
271077
281077
291077
301077
311077
011177
021177
031177
041177
051177
061177
071177
081177
091177
101177
111177
121177
131177
141177
151177
161177
171177
181177
191177
201177
211177
221177
231177
241177
251177
261177
271177
281177
291177
301177
311177
011277
021277
031277
041277
051277
061277
071277
081277
091277
101277
111277
121277
131277
141277
151277
161277
171277
181277
191277
201277
211277
221277
231277
241277
251277
261277
271277
281277
291277
301277
311277
010178
020178
030178
040178
050178
060178
070178
080178
090178
100178
110178
120178
130178
140178
150178
160178
170178
180178
190178
200178
210178
220178
230178
240178
250178
260178
270178
280178
290178
300178
310178
010278
020278
030278
040278
050278
060278
070278
080278
090278
100278
110278
120278
130278
140278
150278
160278
170278
180278
190278
200278
210278
220278
230278
240278
250278
260278
270278
280278
290278
300278
310278
010378
020378
030378
040378
050378
060378
070378
080378
090378
100378
110378
120378
130378
140378
150378
160378
170378
180378
190378
200378
210378
220378
230378
240378
250378
260378
270378
280378
290378
300378
310378
010478
020478
030478
040478
050478
060478
070478
080478
090478
100478
110478
120478
130478
140478
150478
160478
170478
180478
190478
200478
210478
220478
230478
240478
250478
260478
270478
280478
290478
300478
310478
010578
020578
030578
040578
050578
060578
070578
080578
090578
100578
110578
120578
130578
140578
150578
160578
170578
180578
190578
200578
210578
220578
230578
240578
250578
260578
270578
280578
290578
300578
310578
010678
020678
030678
040678
050678
060678
070678
080678
090678
100678
110678
120678
130678
140678
150678
160678
170678
180678
190678
200678
210678
220678
230678
240678
250678
260678
270678
280678
290678
300678
310678
010778
020778
030778
040778
050778
060778
070778
080778
090778
100778
110778
120778
130778
140778
150778
160778
170778
180778
190778
200778
210778
220778
230778
240778
250778
260778
270778
280778
290778
300778
310778
010878
020878
030878
040878
050878
060878
070878
080878
090878
100878
110878
120878
130878
140878
150878
160878
170878
180878
190878
200878
210878
220878
230878
240878
250878
260878
270878
280878
290878
300878
310878
010978
020978
030978
040978
050978
060978
070978
080978
090978
100978
110978
120978
130978
140978
150978
160978
170978
180978
190978
200978
210978
220978
230978
240978
250978
260978
270978
280978
290978
300978
310978
011078
021078
031078
041078
051078
061078
071078
081078
091078
101078
111078
121078
131078
141078
151078
161078
171078
181078
191078
201078
211078
221078
231078
241078
251078
261078
271078
281078
291078
301078
311078
011178
021178
031178
041178
051178
061178
071178
081178
091178
101178
111178
121178
131178
141178
151178
161178
171178
181178
191178
201178
211178
221178
231178
241178
251178
261178
271178
281178
291178
301178
311178
011278
021278
031278
041278
051278
061278
071278
081278
091278
101278
111278
121278
131278
141278
151278
161278
171278
181278
191278
201278
211278
221278
231278
241278
251278
261278
271278
281278
291278
301278
311278
010179
020179
030179
040179
050179
060179
070179
080179
090179
100179
110179
120179
130179
140179
150179
160179
170179
180179
190179
200179
210179
220179
230179
240179
250179
260179
270179
280179
290179
300179
310179
010279
020279
030279
040279
050279
060279
070279
080279
090279
100279
110279
120279
130279
140279
150279
160279
170279
180279
190279
200279
210279
220279
230279
240279
250279
260279
270279
280279
290279
300279
310279
010379
020379
030379
040379
050379
060379
070379
080379
090379
100379
110379
120379
130379
140379
150379
160379
170379
180379
190379
200379
210379
220379
230379
240379
250379
260379
270379
280379
290379
300379
310379
010479
020479
030479
040479
050479
060479
070479
080479
090479
100479
110479
120479
130479
140479
150479
160479
170479
180479
190479
200479
210479
220479
230479
240479
250479
260479
270479
280479
290479
300479
310479
010579
020579
030579
040579
050579
060579
070579
080579
090579
100579
110579
120579
130579
140579
150579
160579
170579
180579
190579
200579
210579
220579
230579
240579
250579
260579
270579
280579
290579
300579
310579
010679
020679
030679
040679
050679
060679
070679
080679
090679
100679
110679
120679
130679
140679
150679
160679
170679
180679
190679
200679
210679
220679
230679
240679
250679
260679
270679
280679
290679
300679
310679
010779
020779
030779
040779
050779
060779
070779
080779
090779
100779
110779
120779
130779
140779
150779
160779
170779
180779
190779
200779
210779
220779
230779
240779
250779
260779
270779
280779
290779
300779
310779
010879
020879
030879
040879
050879
060879
070879
080879
090879
100879
110879
120879
130879
140879
150879
160879
170879
180879
190879
200879
210879
220879
230879
240879
250879
260879
270879
280879
290879
300879
310879
010979
020979
030979
040979
050979
060979
070979
080979
090979
100979
110979
120979
130979
140979
150979
160979
170979
180979
190979
200979
210979
220979
230979
240979
250979
260979
270979
280979
290979
300979
310979
011079
021079
031079
041079
051079
061079
071079
081079
091079
101079
111079
121079
131079
141079
151079
161079
171079
181079
191079
201079
211079
221079
231079
241079
251079
261079
271079
281079
291079
301079
311079
011179
021179
031179
041179
051179
061179
071179
081179
091179
101179
111179
121179
131179
141179
151179
161179
171179
181179
191179
201179
211179
221179
231179
241179
251179
261179
271179
281179
291179
301179
311179
011279
021279
031279
041279
051279
061279
071279
081279
091279
101279
111279
121279
131279
141279
151279
161279
171279
181279
191279
201279
211279
221279
231279
241279
251279
261279
271279
281279
291279
301279
311279
010180
020180
030180
040180
050180
060180
070180
080180
090180
100180
110180
120180
130180
140180
150180
160180
170180
180180
190180
200180
210180
220180
230180
240180
250180
260180
270180
280180
290180
300180
310180
010280
020280
030280
040280
050280
060280
070280
080280
090280
100280
110280
120280
130280
140280
150280
160280
170280
180280
190280
200280
210280
220280
230280
240280
250280
260280
270280
280280
290280
300280
310280
010380
020380
030380
040380
050380
060380
070380
080380
090380
100380
110380
120380
130380
140380
150380
160380
170380
180380
190380
200380
210380
220380
230380
240380
250380
260380
270380
280380
290380
300380
310380
010480
020480
030480
040480
050480
060480
070480
080480
090480
100480
110480
120480
130480
140480
150480
160480
170480
180480
190480
200480
210480
220480
230480
240480
250480
260480
270480
280480
290480
300480
310480
010580
020580
030580
040580
050580
060580
070580
080580
090580
100580
110580
120580
130580
140580
150580
160580
170580
180580
190580
200580
210580
220580
230580
240580
250580
260580
270580
280580
290580
300580
310580
010680
020680
030680
040680
050680
060680
070680
080680
090680
100680
110680
120680
130680
140680
150680
160680
170680
180680
190680
200680
210680
220680
230680
240680
250680
260680
270680
280680
290680
300680
310680
010780
020780
030780
040780
050780
060780
070780
080780
090780
100780
110780
120780
130780
140780
150780
160780
170780
180780
190780
200780
210780
220780
230780
240780
250780
260780
270780
280780
290780
300780
310780
010880
020880
030880
040880
050880
060880
070880
080880
090880
100880
110880
120880
130880
140880
150880
160880
170880
180880
190880
200880
210880
220880
230880
240880
250880
260880
270880
280880
290880
300880
310880
010980
020980
030980
040980
050980
060980
070980
080980
090980
100980
110980
120980
130980
140980
150980
160980
170980
180980
190980
200980
210980
220980
230980
240980
250980
260980
270980
280980
290980
300980
310980
011080
021080
031080
041080
051080
061080
071080
081080
091080
101080
111080
121080
131080
141080
151080
161080
171080
181080
191080
201080
211080
221080
231080
241080
251080
261080
271080
281080
291080
301080
311080
011180
021180
031180
041180
051180
061180
071180
081180
091180
101180
111180
121180
131180
141180
151180
161180
171180
181180
191180
201180
211180
221180
231180
241180
251180
261180
271180
281180
291180
301180
311180
011280
021280
031280
041280
051280
061280
071280
081280
091280
101280
111280
121280
131280
141280
151280
161280
171280
181280
191280
201280
211280
221280
231280
241280
251280
261280
271280
281280
291280
301280
311280
010181
020181
030181
040181
050181
060181
070181
080181
090181
100181
110181
120181
130181
140181
150181
160181
170181
180181
190181
200181
210181
220181
230181
240181
250181
260181
270181
280181
290181
300181
310181
010281
020281
030281
040281
050281
060281
070281
080281
090281
100281
110281
120281
130281
140281
150281
160281
170281
180281
190281
200281
210281
220281
230281
240281
250281
260281
270281
280281
290281
300281
310281
010381
020381
030381
040381
050381
060381
070381
080381
090381
100381
110381
120381
130381
140381
150381
160381
170381
180381
190381
200381
210381
220381
230381
240381
250381
260381
270381
280381
290381
300381
310381
010481
020481
030481
040481
050481
060481
070481
080481
090481
100481
110481
120481
130481
140481
150481
160481
170481
180481
190481
200481
210481
220481
230481
240481
250481
260481
270481
280481
290481
300481
310481
010581
020581
030581
040581
050581
060581
070581
080581
090581
100581
110581
120581
130581
140581
150581
160581
170581
180581
190581
200581
210581
220581
230581
240581
250581
260581
270581
280581
290581
300581
310581
010681
020681
030681
040681
050681
060681
070681
080681
090681
100681
110681
120681
130681
140681
150681
160681
170681
180681
190681
200681
210681
220681
230681
240681
250681
260681
270681
280681
290681
300681
310681
010781
020781
030781
040781
050781
060781
070781
080781
090781
100781
110781
120781
130781
140781
150781
160781
170781
180781
190781
200781
210781
220781
230781
240781
250781
260781
270781
280781
290781
300781
310781
010881
020881
030881
040881
050881
060881
070881
080881
090881
100881
110881
120881
130881
140881
150881
160881
170881
180881
190881
200881
210881
220881
230881
240881
250881
260881
270881
280881
290881
300881
310881
010981
020981
030981
040981
050981
060981
070981
080981
090981
100981
110981
120981
130981
140981
150981
160981
170981
180981
190981
200981
210981
220981
230981
240981
250981
260981
270981
280981
290981
300981
310981
011081
021081
031081
041081
051081
061081
071081
081081
091081
101081
111081
121081
131081
141081
151081
161081
171081
181081
191081
201081
211081
221081
231081
241081
251081
261081
271081
281081
291081
301081
311081
011181
021181
031181
041181
051181
061181
071181
081181
091181
101181
111181
121181
131181
141181
151181
161181
171181
181181
191181
201181
211181
221181
231181
241181
251181
261181
271181
281181
291181
301181
311181
011281
021281
031281
041281
051281
061281
071281
081281
091281
101281
111281
121281
131281
141281
151281
161281
171281
181281
191281
201281
211281
221281
231281
241281
251281
261281
271281
281281
291281
301281
311281
010182
020182
030182
040182
050182
060182
070182
080182
090182
100182
110182
120182
130182
140182
150182
160182
170182
180182
190182
200182
210182
220182
230182
240182
250182
260182
270182
280182
290182
300182
310182
010282
020282
030282
040282
050282
060282
070282
080282
090282
100282
110282
120282
130282
140282
150282
160282
170282
180282
190282
200282
210282
220282
230282
240282
250282
260282
270282
280282
290282
300282
310282
010382
020382
030382
040382
050382
060382
070382
080382
090382
100382
110382
120382
130382
140382
150382
160382
170382
180382
190382
200382
210382
220382
230382
240382
250382
260382
270382
280382
290382
300382
310382
010482
020482
030482
040482
050482
060482
070482
080482
090482
100482
110482
120482
130482
140482
150482
160482
170482
180482
190482
200482
210482
220482
230482
240482
250482
260482
270482
280482
290482
300482
310482
010582
020582
030582
040582
050582
060582
070582
080582
090582
100582
110582
120582
130582
140582
150582
160582
170582
180582
190582
200582
210582
220582
230582
240582
250582
260582
270582
280582
290582
300582
310582
010682
020682
030682
040682
050682
060682
070682
080682
090682
100682
110682
120682
130682
140682
150682
160682
170682
180682
190682
200682
210682
220682
230682
240682
250682
260682
270682
280682
290682
300682
310682
010782
020782
030782
040782
050782
060782
070782
080782
090782
100782
110782
120782
130782
140782
150782
160782
170782
180782
190782
200782
210782
220782
230782
240782
250782
260782
270782
280782
290782
300782
310782
010882
020882
030882
040882
050882
060882
070882
080882
090882
100882
110882
120882
130882
140882
150882
160882
170882
180882
190882
200882
210882
220882
230882
240882
250882
260882
270882
280882
290882
300882
310882
010982
020982
030982
040982
050982
060982
070982
080982
090982
100982
110982
120982
130982
140982
150982
160982
170982
180982
190982
200982
210982
220982
230982
240982
250982
260982
270982
280982
290982
300982
310982
011082
021082
031082
041082
051082
061082
071082
081082
091082
101082
111082
121082
131082
141082
151082
161082
171082
181082
191082
201082
211082
221082
231082
241082
251082
261082
271082
281082
291082
301082
311082
011182
021182
031182
041182
051182
061182
071182
081182
091182
101182
111182
121182
131182
141182
151182
161182
171182
181182
191182
201182
211182
221182
231182
241182
251182
261182
271182
281182
291182
301182
311182
011282
021282
031282
041282
051282
061282
071282
081282
091282
101282
111282
121282
131282
141282
151282
161282
171282
181282
191282
201282
211282
221282
231282
241282
251282
261282
271282
281282
291282
301282
311282
010183
020183
030183
040183
050183
060183
070183
080183
090183
100183
110183
120183
130183
140183
150183
160183
170183
180183
190183
200183
210183
220183
230183
240183
250183
260183
270183
280183
290183
300183
310183
010283
020283
030283
040283
050283
060283
070283
080283
090283
100283
110283
120283
130283
140283
150283
160283
170283
180283
190283
200283
210283
220283
230283
240283
250283
260283
270283
280283
290283
300283
310283
010383
020383
030383
040383
050383
060383
070383
080383
090383
100383
110383
120383
130383
140383
150383
160383
170383
180383
190383
200383
210383
220383
230383
240383
250383
260383
270383
280383
290383
300383
310383
010483
020483
030483
040483
050483
060483
070483
080483
090483
100483
110483
120483
130483
140483
150483
160483
170483
180483
190483
200483
210483
220483
230483
240483
250483
260483
270483
280483
290483
300483
310483
010583
020583
030583
040583
050583
060583
070583
080583
090583
100583
110583
120583
130583
140583
150583
160583
170583
180583
190583
200583
210583
220583
230583
240583
250583
260583
270583
280583
290583
300583
310583
010683
020683
030683
040683
050683
060683
070683
080683
090683
100683
110683
120683
130683
140683
150683
160683
170683
180683
190683
200683
210683
220683
230683
240683
250683
260683
270683
280683
290683
300683
310683
010783
020783
030783
040783
050783
060783
070783
080783
090783
100783
110783
120783
130783
140783
150783
160783
170783
180783
190783
200783
210783
220783
230783
240783
250783
260783
270783
280783
290783
300783
310783
010883
020883
030883
040883
050883
060883
070883
080883
090883
100883
110883
120883
130883
140883
150883
160883
170883
180883
190883
200883
210883
220883
230883
240883
250883
260883
270883
280883
290883
300883
310883
010983
020983
030983
040983
050983
060983
070983
080983
090983
100983
110983
120983
130983
140983
150983
160983
170983
180983
190983
200983
210983
220983
230983
240983
250983
260983
270983
280983
290983
300983
310983
011083
021083
031083
041083
051083
061083
071083
081083
091083
101083
111083
121083
131083
141083
151083
161083
171083
181083
191083
201083
211083
221083
231083
241083
251083
261083
271083
281083
291083
301083
311083
011183
021183
031183
041183
051183
061183
071183
081183
091183
101183
111183
121183
131183
141183
151183
161183
171183
181183
191183
201183
211183
221183
231183
241183
251183
261183
271183
281183
291183
301183
311183
011283
021283
031283
041283
051283
061283
071283
081283
091283
101283
111283
121283
131283
141283
151283
161283
171283
181283
191283
201283
211283
221283
231283
241283
251283
261283
271283
281283
291283
301283
311283
010184
020184
030184
040184
050184
060184
070184
080184
090184
100184
110184
120184
130184
140184
150184
160184
170184
180184
190184
200184
210184
220184
230184
240184
250184
260184
270184
280184
290184
300184
310184
010284
020284
030284
040284
050284
060284
070284
080284
090284
100284
110284
120284
130284
140284
150284
160284
170284
180284
190284
200284
210284
220284
230284
240284
250284
260284
270284
280284
290284
300284
310284
010384
020384
030384
040384
050384
060384
070384
080384
090384
100384
110384
120384
130384
140384
150384
160384
170384
180384
190384
200384
210384
220384
230384
240384
250384
260384
270384
280384
290384
300384
310384
010484
020484
030484
040484
050484
060484
070484
080484
090484
100484
110484
120484
130484
140484
150484
160484
170484
180484
190484
200484
210484
220484
230484
240484
250484
260484
270484
280484
290484
300484
310484
010584
020584
030584
040584
050584
060584
070584
080584
090584
100584
110584
120584
130584
140584
150584
160584
170584
180584
190584
200584
210584
220584
230584
240584
250584
260584
270584
280584
290584
300584
310584
010684
020684
030684
040684
050684
060684
070684
080684
090684
100684
110684
120684
130684
140684
150684
160684
170684
180684
190684
200684
210684
220684
230684
240684
250684
260684
270684
280684
290684
300684
310684
010784
020784
030784
040784
050784
060784
070784
080784
090784
100784
110784
120784
130784
140784
150784
160784
170784
180784
190784
200784
210784
220784
230784
240784
250784
260784
270784
280784
290784
300784
310784
010884
020884
030884
040884
050884
060884
070884
080884
090884
100884
110884
120884
130884
140884
150884
160884
170884
180884
190884
200884
210884
220884
230884
240884
250884
260884
270884
280884
290884
300884
310884
010984
020984
030984
040984
050984
060984
070984
080984
090984
100984
110984
120984
130984
140984
150984
160984
170984
180984
190984
200984
210984
220984
230984
240984
250984
260984
270984
280984
290984
300984
310984
011084
021084
031084
041084
051084
061084
071084
081084
091084
101084
111084
121084
131084
141084
151084
161084
171084
181084
191084
201084
211084
221084
231084
241084
251084
261084
271084
281084
291084
301084
311084
011184
021184
031184
041184
051184
061184
071184
081184
091184
101184
111184
121184
131184
141184
151184
161184
171184
181184
191184
201184
211184
221184
231184
241184
251184
261184
271184
281184
291184
301184
311184
011284
021284
031284
041284
051284
061284
071284
081284
091284
101284
111284
121284
131284
141284
151284
161284
171284
181284
191284
201284
211284
221284
231284
241284
251284
261284
271284
281284
291284
301284
311284
010185
020185
030185
040185
050185
060185
070185
080185
090185
100185
110185
120185
130185
140185
150185
160185
170185
180185
190185
200185
210185
220185
230185
240185
250185
260185
270185
280185
290185
300185
310185
010285
020285
030285
040285
050285
060285
070285
080285
090285
100285
110285
120285
130285
140285
150285
160285
170285
180285
190285
200285
210285
220285
230285
240285
250285
260285
270285
280285
290285
300285
310285
010385
020385
030385
040385
050385
060385
070385
080385
090385
100385
110385
120385
130385
140385
150385
160385
170385
180385
190385
200385
210385
220385
230385
240385
250385
260385
270385
280385
290385
300385
310385
010485
020485
030485
040485
050485
060485
070485
080485
090485
100485
110485
120485
130485
140485
150485
160485
170485
180485
190485
200485
210485
220485
230485
240485
250485
260485
270485
280485
290485
300485
310485
010585
020585
030585
040585
050585
060585
070585
080585
090585
100585
110585
120585
130585
140585
150585
160585
170585
180585
190585
200585
210585
220585
230585
240585
250585
260585
270585
280585
290585
300585
310585
010685
020685
030685
040685
050685
060685
070685
080685
090685
100685
110685
120685
130685
140685
150685
160685
170685
180685
190685
200685
210685
220685
230685
240685
250685
260685
270685
280685
290685
300685
310685
010785
020785
030785
040785
050785
060785
070785
080785
090785
100785
110785
120785
130785
140785
150785
160785
170785
180785
190785
200785
210785
220785
230785
240785
250785
260785
270785
280785
290785
300785
310785
010885
020885
030885
040885
050885
060885
070885
080885
090885
100885
110885
120885
130885
140885
150885
160885
170885
180885
190885
200885
210885
220885
230885
240885
250885
260885
270885
280885
290885
300885
310885
010985
020985
030985
040985
050985
060985
070985
080985
090985
100985
110985
120985
130985
140985
150985
160985
170985
180985
190985
200985
210985
220985
230985
240985
250985
260985
270985
280985
290985
300985
310985
011085
021085
031085
041085
051085
061085
071085
081085
091085
101085
111085
121085
131085
141085
151085
161085
171085
181085
191085
201085
211085
221085
231085
241085
251085
261085
271085
281085
291085
301085
311085
011185
021185
031185
041185
051185
061185
071185
081185
091185
101185
111185
121185
131185
141185
151185
161185
171185
181185
191185
201185
211185
221185
231185
241185
251185
261185
271185
281185
291185
301185
311185
011285
021285
031285
041285
051285
061285
071285
081285
091285
101285
111285
121285
131285
141285
151285
161285
171285
181285
191285
201285
211285
221285
231285
241285
251285
261285
271285
281285
291285
301285
311285
010186
020186
030186
040186
050186
060186
070186
080186
090186
100186
110186
120186
130186
140186
150186
160186
170186
180186
190186
200186
210186
220186
230186
240186
250186
260186
270186
280186
290186
300186
310186
010286
020286
030286
040286
050286
060286
070286
080286
090286
100286
110286
120286
130286
140286
150286
160286
170286
180286
190286
200286
210286
220286
230286
240286
250286
260286
270286
280286
290286
300286
310286
010386
020386
030386
040386
050386
060386
070386
080386
090386
100386
110386
120386
130386
140386
150386
160386
170386
180386
190386
200386
210386
220386
230386
240386
250386
260386
270386
280386
290386
300386
310386
010486
020486
030486
040486
050486
060486
070486
080486
090486
100486
110486
120486
130486
140486
150486
160486
170486
180486
190486
200486
210486
220486
230486
240486
250486
260486
270486
280486
290486
300486
310486
010586
020586
030586
040586
050586
060586
070586
080586
090586
100586
110586
120586
130586
140586
150586
160586
170586
180586
190586
200586
210586
220586
230586
240586
250586
260586
270586
280586
290586
300586
310586
010686
020686
030686
040686
050686
060686
070686
080686
090686
100686
110686
120686
130686
140686
150686
160686
170686
180686
190686
200686
210686
220686
230686
240686
250686
260686
270686
280686
290686
300686
310686
010786
020786
030786
040786
050786
060786
070786
080786
090786
100786
110786
120786
130786
140786
150786
160786
170786
180786
190786
200786
210786
220786
230786
240786
250786
260786
270786
280786
290786
300786
310786
010886
020886
030886
040886
050886
060886
070886
080886
090886
100886
110886
120886
130886
140886
150886
160886
170886
180886
190886
200886
210886
220886
230886
240886
250886
260886
270886
280886
290886
300886
310886
010986
020986
030986
040986
050986
060986
070986
080986
090986
100986
110986
120986
130986
140986
150986
160986
170986
180986
190986
200986
210986
220986
230986
240986
250986
260986
270986
280986
290986
300986
310986
011086
021086
031086
041086
051086
061086
071086
081086
091086
101086
111086
121086
131086
141086
151086
161086
171086
181086
191086
201086
211086
221086
231086
241086
251086
261086
271086
281086
291086
301086
311086
011186
021186
031186
041186
051186
061186
071186
081186
091186
101186
111186
121186
131186
141186
151186
161186
171186
181186
191186
201186
211186
221186
231186
241186
251186
261186
271186
281186
291186
301186
311186
011286
021286
031286
041286
051286
061286
071286
081286
091286
101286
111286
121286
131286
141286
151286
161286
171286
181286
191286
201286
211286
221286
231286
241286
251286
261286
271286
281286
291286
301286
311286
010187
020187
030187
040187
050187
060187
070187
080187
090187
100187
110187
120187
130187
140187
150187
160187
170187
180187
190187
200187
210187
220187
230187
240187
250187
260187
270187
280187
290187
300187
310187
010287
020287
030287
040287
050287
060287
070287
080287
090287
100287
110287
120287
130287
140287
150287
160287
170287
180287
190287
200287
210287
220287
230287
240287
250287
260287
270287
280287
290287
300287
310287
010387
020387
030387
040387
050387
060387
070387
080387
090387
100387
110387
120387
130387
140387
150387
160387
170387
180387
190387
200387
210387
220387
230387
240387
250387
260387
270387
280387
290387
300387
310387
010487
020487
030487
040487
050487
060487
070487
080487
090487
100487
110487
120487
130487
140487
150487
160487
170487
180487
190487
200487
210487
220487
230487
240487
250487
260487
270487
280487
290487
300487
310487
010587
020587
030587
040587
050587
060587
070587
080587
090587
100587
110587
120587
130587
140587
150587
160587
170587
180587
190587
200587
210587
220587
230587
240587
250587
260587
270587
280587
290587
300587
310587
010687
020687
030687
040687
050687
060687
070687
080687
090687
100687
110687
120687
130687
140687
150687
160687
170687
180687
190687
200687
210687
220687
230687
240687
250687
260687
270687
280687
290687
300687
310687
010787
020787
030787
040787
050787
060787
070787
080787
090787
100787
110787
120787
130787
140787
150787
160787
170787
180787
190787
200787
210787
220787
230787
240787
250787
260787
270787
280787
290787
300787
310787
010887
020887
030887
040887
050887
060887
070887
080887
090887
100887
110887
120887
130887
140887
150887
160887
170887
180887
190887
200887
210887
220887
230887
240887
250887
260887
270887
280887
290887
300887
310887
010987
020987
030987
040987
050987
060987
070987
080987
090987
100987
110987
120987
130987
140987
150987
160987
170987
180987
190987
200987
210987
220987
230987
240987
250987
260987
270987
280987
290987
300987
310987
011087
021087
031087
041087
051087
061087
071087
081087
091087
101087
111087
121087
131087
141087
151087
161087
171087
181087
191087
201087
211087
221087
231087
241087
251087
261087
271087
281087
291087
301087
311087
011187
021187
031187
041187
051187
061187
071187
081187
091187
101187
111187
121187
131187
141187
151187
161187
171187
181187
191187
201187
211187
221187
231187
241187
251187
261187
271187
281187
291187
301187
311187
011287
021287
031287
041287
051287
061287
071287
081287
091287
101287
111287
121287
131287
141287
151287
161287
171287
181287
191287
201287
211287
221287
231287
241287
251287
261287
271287
281287
291287
301287
311287
010188
020188
030188
040188
050188
060188
070188
080188
090188
100188
110188
120188
130188
140188
150188
160188
170188
180188
190188
200188
210188
220188
230188
240188
250188
260188
270188
280188
290188
300188
310188
010288
020288
030288
040288
050288
060288
070288
080288
090288
100288
110288
120288
130288
140288
150288
160288
170288
180288
190288
200288
210288
220288
230288
240288
250288
260288
270288
280288
290288
300288
310288
010388
020388
030388
040388
050388
060388
070388
080388
090388
100388
110388
120388
130388
140388
150388
160388
170388
180388
190388
200388
210388
220388
230388
240388
250388
260388
270388
280388
290388
300388
310388
010488
020488
030488
040488
050488
060488
070488
080488
090488
100488
110488
120488
130488
140488
150488
160488
170488
180488
190488
200488
210488
220488
230488
240488
250488
260488
270488
280488
290488
300488
310488
010588
020588
030588
040588
050588
060588
070588
080588
090588
100588
110588
120588
130588
140588
150588
160588
170588
180588
190588
200588
210588
220588
230588
240588
250588
260588
270588
280588
290588
300588
310588
010688
020688
030688
040688
050688
060688
070688
080688
090688
100688
110688
120688
130688
140688
150688
160688
170688
180688
190688
200688
210688
220688
230688
240688
250688
260688
270688
280688
290688
300688
310688
010788
020788
030788
040788
050788
060788
070788
080788
090788
100788
110788
120788
130788
140788
150788
160788
170788
180788
190788
200788
210788
220788
230788
240788
250788
260788
270788
280788
290788
300788
310788
010888
020888
030888
040888
050888
060888
070888
080888
090888
100888
110888
120888
130888
140888
150888
160888
170888
180888
190888
200888
210888
220888
230888
240888
250888
260888
270888
280888
290888
300888
310888
010988
020988
030988
040988
050988
060988
070988
080988
090988
100988
110988
120988
130988
140988
150988
160988
170988
180988
190988
200988
210988
220988
230988
240988
250988
260988
270988
280988
290988
300988
310988
011088
021088
031088
041088
051088
061088
071088
081088
091088
101088
111088
121088
131088
141088
151088
161088
171088
181088
191088
201088
211088
221088
231088
241088
251088
261088
271088
281088
291088
301088
311088
011188
021188
031188
041188
051188
061188
071188
081188
091188
101188
111188
121188
131188
141188
151188
161188
171188
181188
191188
201188
211188
221188
231188
241188
251188
261188
271188
281188
291188
301188
311188
011288
021288
031288
041288
051288
061288
071288
081288
091288
101288
111288
121288
131288
141288
151288
161288
171288
181288
191288
201288
211288
221288
231288
241288
251288
261288
271288
281288
291288
301288
311288
010189
020189
030189
040189
050189
060189
070189
080189
090189
100189
110189
120189
130189
140189
150189
160189
170189
180189
190189
200189
210189
220189
230189
240189
250189
260189
270189
280189
290189
300189
310189
010289
020289
030289
040289
050289
060289
070289
080289
090289
100289
110289
120289
130289
140289
150289
160289
170289
180289
190289
200289
210289
220289
230289
240289
250289
260289
270289
280289
290289
300289
310289
010389
020389
030389
040389
050389
060389
070389
080389
090389
100389
110389
120389
130389
140389
150389
160389
170389
180389
190389
200389
210389
220389
230389
240389
250389
260389
270389
280389
290389
300389
310389
010489
020489
030489
040489
050489
060489
070489
080489
090489
100489
110489
120489
130489
140489
150489
160489
170489
180489
190489
200489
210489
220489
230489
240489
250489
260489
270489
280489
290489
300489
310489
010589
020589
030589
040589
050589
060589
070589
080589
090589
100589
110589
120589
130589
140589
150589
160589
170589
180589
190589
200589
210589
220589
230589
240589
250589
260589
270589
280589
290589
300589
310589
010689
020689
030689
040689
050689
060689
070689
080689
090689
100689
110689
120689
130689
140689
150689
160689
170689
180689
190689
200689
210689
220689
230689
240689
250689
260689
270689
280689
290689
300689
310689
010789
020789
030789
040789
050789
060789
070789
080789
090789
100789
110789
120789
130789
140789
150789
160789
170789
180789
190789
200789
210789
220789
230789
240789
250789
260789
270789
280789
290789
300789
310789
010889
020889
030889
040889
050889
060889
070889
080889
090889
100889
110889
120889
130889
140889
150889
160889
170889
180889
190889
200889
210889
220889
230889
240889
250889
260889
270889
280889
290889
300889
310889
010989
020989
030989
040989
050989
060989
070989
080989
090989
100989
110989
120989
130989
140989
150989
160989
170989
180989
190989
200989
210989
220989
230989
240989
250989
260989
270989
280989
290989
300989
310989
011089
021089
031089
041089
051089
061089
071089
081089
091089
101089
111089
121089
131089
141089
151089
161089
171089
181089
191089
201089
211089
221089
231089
241089
251089
261089
271089
281089
291089
301089
311089
011189
021189
031189
041189
051189
061189
071189
081189
091189
101189
111189
121189
131189
141189
151189
161189
171189
181189
191189
201189
211189
221189
231189
241189
251189
261189
271189
281189
291189
301189
311189
011289
021289
031289
041289
051289
061289
071289
081289
091289
101289
111289
121289
131289
141289
151289
161289
171289
181289
191289
201289
211289
221289
231289
241289
251289
261289
271289
281289
291289
301289
311289
010190
020190
030190
040190
050190
060190
070190
080190
090190
100190
110190
120190
130190
140190
150190
160190
170190
180190
190190
200190
210190
220190
230190
240190
250190
260190
270190
280190
290190
300190
310190
010290
020290
030290
040290
050290
060290
070290
080290
090290
100290
110290
120290
130290
140290
150290
160290
170290
180290
190290
200290
210290
220290
230290
240290
250290
260290
270290
280290
290290
300290
310290
010390
020390
030390
040390
050390
060390
070390
080390
090390
100390
110390
120390
130390
140390
150390
160390
170390
180390
190390
200390
210390
220390
230390
240390
250390
260390
270390
280390
290390
300390
310390
010490
020490
030490
040490
050490
060490
070490
080490
090490
100490
110490
120490
130490
140490
150490
160490
170490
180490
190490
200490
210490
220490
230490
240490
250490
260490
270490
280490
290490
300490
310490
010590
020590
030590
040590
050590
060590
070590
080590
090590
100590
110590
120590
130590
140590
150590
160590
170590
180590
190590
200590
210590
220590
230590
240590
250590
260590
270590
280590
290590
300590
310590
010690
020690
030690
040690
050690
060690
070690
080690
090690
100690
110690
120690
130690
140690
150690
160690
170690
180690
190690
200690
210690
220690
230690
240690
250690
260690
270690
280690
290690
300690
310690
010790
020790
030790
040790
050790
060790
070790
080790
090790
100790
110790
120790
130790
140790
150790
160790
170790
180790
190790
200790
210790
220790
230790
240790
250790
260790
270790
280790
290790
300790
310790
010890
020890
030890
040890
050890
060890
070890
080890
090890
100890
110890
120890
130890
140890
150890
160890
170890
180890
190890
200890
210890
220890
230890
240890
250890
260890
270890
280890
290890
300890
310890
010990
020990
030990
040990
050990
060990
070990
080990
090990
100990
110990
120990
130990
140990
150990
160990
170990
180990
190990
200990
210990
220990
230990
240990
250990
260990
270990
280990
290990
300990
310990
011090
021090
031090
041090
051090
061090
071090
081090
091090
101090
111090
121090
131090
141090
151090
161090
171090
181090
191090
201090
211090
221090
231090
241090
251090
261090
271090
281090
291090
301090
311090
011190
021190
031190
041190
051190
061190
071190
081190
091190
101190
111190
121190
131190
141190
151190
161190
171190
181190
191190
201190
211190
221190
231190
241190
251190
261190
271190
281190
291190
301190
311190
011290
021290
031290
041290
051290
061290
071290
081290
091290
101290
111290
121290
131290
141290
151290
161290
171290
181290
191290
201290
211290
221290
231290
241290
251290
261290
271290
281290
291290
301290
311290
010191
020191
030191
040191
050191
060191
070191
080191
090191
100191
110191
120191
130191
140191
150191
160191
170191
180191
190191
200191
210191
220191
230191
240191
250191
260191
270191
280191
290191
300191
310191
010291
020291
030291
040291
050291
060291
070291
080291
090291
100291
110291
120291
130291
140291
150291
160291
170291
180291
190291
200291
210291
220291
230291
240291
250291
260291
270291
280291
290291
300291
310291
010391
020391
030391
040391
050391
060391
070391
080391
090391
100391
110391
120391
130391
140391
150391
160391
170391
180391
190391
200391
210391
220391
230391
240391
250391
260391
270391
280391
290391
300391
310391
010491
020491
030491
040491
050491
060491
070491
080491
090491
100491
110491
120491
130491
140491
150491
160491
170491
180491
190491
200491
210491
220491
230491
240491
250491
260491
270491
280491
290491
300491
310491
010591
020591
030591
040591
050591
060591
070591
080591
090591
100591
110591
120591
130591
140591
150591
160591
170591
180591
190591
200591
210591
220591
230591
240591
250591
260591
270591
280591
290591
300591
310591
010691
020691
030691
040691
050691
060691
070691
080691
090691
100691
110691
120691
130691
140691
150691
160691
170691
180691
190691
200691
210691
220691
230691
240691
250691
260691
270691
280691
290691
300691
310691
010791
020791
030791
040791
050791
060791
070791
080791
090791
100791
110791
120791
130791
140791
150791
160791
170791
180791
190791
200791
210791
220791
230791
240791
250791
260791
270791
280791
290791
300791
310791
010891
020891
030891
040891
050891
060891
070891
080891
090891
100891
110891
120891
130891
140891
150891
160891
170891
180891
190891
200891
210891
220891
230891
240891
250891
260891
270891
280891
290891
300891
310891
010991
020991
030991
040991
050991
060991
070991
080991
090991
100991
110991
120991
130991
140991
150991
160991
170991
180991
190991
200991
210991
220991
230991
240991
250991
260991
270991
280991
290991
300991
310991
011091
021091
031091
041091
051091
061091
071091
081091
091091
101091
111091
121091
131091
141091
151091
161091
171091
181091
191091
201091
211091
221091
231091
241091
251091
261091
271091
281091
291091
301091
311091
011191
021191
031191
041191
051191
061191
071191
081191
091191
101191
111191
121191
131191
141191
151191
161191
171191
181191
191191
201191
211191
221191
231191
241191
251191
261191
271191
281191
291191
301191
311191
011291
021291
031291
041291
051291
061291
071291
081291
091291
101291
111291
121291
131291
141291
151291
161291
171291
181291
191291
201291
211291
221291
231291
241291
251291
261291
271291
281291
291291
301291
311291
010192
020192
030192
040192
050192
060192
070192
080192
090192
100192
110192
120192
130192
140192
150192
160192
170192
180192
190192
200192
210192
220192
230192
240192
250192
260192
270192
280192
290192
300192
310192
010292
020292
030292
040292
050292
060292
070292
080292
090292
100292
110292
120292
130292
140292
150292
160292
170292
180292
190292
200292
210292
220292
230292
240292
250292
260292
270292
280292
290292
300292
310292
010392
020392
030392
040392
050392
060392
070392
080392
090392
100392
110392
120392
130392
140392
150392
160392
170392
180392
190392
200392
210392
220392
230392
240392
250392
260392
270392
280392
290392
300392
310392
010492
020492
030492
040492
050492
060492
070492
080492
090492
100492
110492
120492
130492
140492
150492
160492
170492
180492
190492
200492
210492
220492
230492
240492
250492
260492
270492
280492
290492
300492
310492
010592
020592
030592
040592
050592
060592
070592
080592
090592
100592
110592
120592
130592
140592
150592
160592
170592
180592
190592
200592
210592
220592
230592
240592
250592
260592
270592
280592
290592
300592
310592
010692
020692
030692
040692
050692
060692
070692
080692
090692
100692
110692
120692
130692
140692
150692
160692
170692
180692
190692
200692
210692
220692
230692
240692
250692
260692
270692
280692
290692
300692
310692
010792
020792
030792
040792
050792
060792
070792
080792
090792
100792
110792
120792
130792
140792
150792
160792
170792
180792
190792
200792
210792
220792
230792
240792
250792
260792
270792
280792
290792
300792
310792
010892
020892
030892
040892
050892
060892
070892
080892
090892
100892
110892
120892
130892
140892
150892
160892
170892
180892
190892
200892
210892
220892
230892
240892
250892
260892
270892
280892
290892
300892
310892
010992
020992
030992
040992
050992
060992
070992
080992
090992
100992
110992
120992
130992
140992
150992
160992
170992
180992
190992
200992
210992
220992
230992
240992
250992
260992
270992
280992
290992
300992
310992
011092
021092
031092
041092
051092
061092
071092
081092
091092
101092
111092
121092
131092
141092
151092
161092
171092
181092
191092
201092
211092
221092
231092
241092
251092
261092
271092
281092
291092
301092
311092
011192
021192
031192
041192
051192
061192
071192
081192
091192
101192
111192
121192
131192
141192
151192
161192
171192
181192
191192
201192
211192
221192
231192
241192
251192
261192
271192
281192
291192
301192
311192
011292
021292
031292
041292
051292
061292
071292
081292
091292
101292
111292
121292
131292
141292
151292
161292
171292
181292
191292
201292
211292
221292
231292
241292
251292
261292
271292
281292
291292
301292
311292
010193
020193
030193
040193
050193
060193
070193
080193
090193
100193
110193
120193
130193
140193
150193
160193
170193
180193
190193
200193
210193
220193
230193
240193
250193
260193
270193
280193
290193
300193
310193
010293
020293
030293
040293
050293
060293
070293
080293
090293
100293
110293
120293
130293
140293
150293
160293
170293
180293
190293
200293
210293
220293
230293
240293
250293
260293
270293
280293
290293
300293
310293
010393
020393
030393
040393
050393
060393
070393
080393
090393
100393
110393
120393
130393
140393
150393
160393
170393
180393
190393
200393
210393
220393
230393
240393
250393
260393
270393
280393
290393
300393
310393
010493
020493
030493
040493
050493
060493
070493
080493
090493
100493
110493
120493
130493
140493
150493
160493
170493
180493
190493
200493
210493
220493
230493
240493
250493
260493
270493
280493
290493
300493
310493
010593
020593
030593
040593
050593
060593
070593
080593
090593
100593
110593
120593
130593
140593
150593
160593
170593
180593
190593
200593
210593
220593
230593
240593
250593
260593
270593
280593
290593
300593
310593
010693
020693
030693
040693
050693
060693
070693
080693
090693
100693
110693
120693
130693
140693
150693
160693
170693
180693
190693
200693
210693
220693
230693
240693
250693
260693
270693
280693
290693
300693
310693
010793
020793
030793
040793
050793
060793
070793
080793
090793
100793
110793
120793
130793
140793
150793
160793
170793
180793
190793
200793
210793
220793
230793
240793
250793
260793
270793
280793
290793
300793
310793
010893
020893
030893
040893
050893
060893
070893
080893
090893
100893
110893
120893
130893
140893
150893
160893
170893
180893
190893
200893
210893
220893
230893
240893
250893
260893
270893
280893
290893
300893
310893
010993
020993
030993
040993
050993
060993
070993
080993
090993
100993
110993
120993
130993
140993
150993
160993
170993
180993
190993
200993
210993
220993
230993
240993
250993
260993
270993
280993
290993
300993
310993
011093
021093
031093
041093
051093
061093
071093
081093
091093
101093
111093
121093
131093
141093
151093
161093
171093
181093
191093
201093
211093
221093
231093
241093
251093
261093
271093
281093
291093
301093
311093
011193
021193
031193
041193
051193
061193
071193
081193
091193
101193
111193
121193
131193
141193
151193
161193
171193
181193
191193
201193
211193
221193
231193
241193
251193
261193
271193
281193
291193
301193
311193
011293
021293
031293
041293
051293
061293
071293
081293
091293
101293
111293
121293
131293
141293
151293
161293
171293
181293
191293
201293
211293
221293
231293
241293
251293
261293
271293
281293
291293
301293
311293
010103
020103
030103
040103
050103
060103
070103
080103
090103
100103
110103
120103
130103
140103
150103
160103
170103
180103
190103
200103
210103
220103
230103
240103
250103
260103
270103
280103
290103
300103
310103
010203
020203
030203
040203
050203
060203
070203
080203
090203
100203
110203
120203
130203
140203
150203
160203
170203
180203
190203
200203
210203
220203
230203
240203
250203
260203
270203
280203
290203
300203
310203
010303
020303
030303
040303
050303
060303
070303
080303
090303
100303
110303
120303
130303
140303
150303
160303
170303
180303
190303
200303
210303
220303
230303
240303
250303
260303
270303
280303
290303
300303
310303
010403
020403
030403
040403
050403
060403
070403
080403
090403
100403
110403
120403
130403
140403
150403
160403
170403
180403
190403
200403
210403
220403
230403
240403
250403
260403
270403
280403
290403
300403
310403
010503
020503
030503
040503
050503
060503
070503
080503
090503
100503
110503
120503
130503
140503
150503
160503
170503
180503
190503
200503
210503
220503
230503
240503
250503
260503
270503
280503
290503
300503
310503
010603
020603
030603
040603
050603
060603
070603
080603
090603
100603
110603
120603
130603
140603
150603
160603
170603
180603
190603
200603
210603
220603
230603
240603
250603
260603
270603
280603
290603
300603
310603
010703
020703
030703
040703
050703
060703
070703
080703
090703
100703
110703
120703
130703
140703
150703
160703
170703
180703
190703
200703
210703
220703
230703
240703
250703
260703
270703
280703
290703
300703
310703
010803
020803
030803
040803
050803
060803
070803
080803
090803
100803
110803
120803
130803
140803
150803
160803
170803
180803
190803
200803
210803
220803
230803
240803
250803
260803
270803
280803
290803
300803
310803
010903
020903
030903
040903
050903
060903
070903
080903
090903
100903
110903
120903
130903
140903
150903
160903
170903
180903
190903
200903
210903
220903
230903
240903
250903
260903
270903
280903
290903
300903
310903
011003
021003
031003
041003
051003
061003
071003
081003
091003
101003
111003
121003
131003
141003
151003
161003
171003
181003
191003
201003
211003
221003
231003
241003
251003
261003
271003
281003
291003
301003
311003
011103
021103
031103
041103
051103
061103
071103
081103
091103
101103
111103
121103
131103
141103
151103
161103
171103
181103
191103
201103
211103
221103
231103
241103
251103
261103
271103
281103
291103
301103
311103
011203
021203
031203
041203
051203
061203
071203
081203
091203
101203
111203
121203
131203
141203
151203
161203
171203
181203
191203
201203
211203
221203
231203
241203
251203
261203
271203
281203
291203
301203
311203
010104
020104
030104
040104
050104
060104
070104
080104
090104
100104
110104
120104
130104
140104
150104
160104
170104
180104
190104
200104
210104
220104
230104
240104
250104
260104
270104
280104
290104
300104
310104
010204
020204
030204
040204
050204
060204
070204
080204
090204
100204
110204
120204
130204
140204
150204
160204
170204
180204
190204
200204
210204
220204
230204
240204
250204
260204
270204
280204
290204
300204
310204
010304
020304
030304
040304
050304
060304
070304
080304
090304
100304
110304
120304
130304
140304
150304
160304
170304
180304
190304
200304
210304
220304
230304
240304
250304
260304
270304
280304
290304
300304
310304
010404
020404
030404
040404
050404
060404
070404
080404
090404
100404
110404
120404
130404
140404
150404
160404
170404
180404
190404
200404
210404
220404
230404
240404
250404
260404
270404
280404
290404
300404
310404
010504
020504
030504
040504
050504
060504
070504
080504
090504
100504
110504
120504
130504
140504
150504
160504
170504
180504
190504
200504
210504
220504
230504
240504
250504
260504
270504
280504
290504
300504
310504
010604
020604
030604
040604
050604
060604
070604
080604
090604
100604
110604
120604
130604
140604
150604
160604
170604
180604
190604
200604
210604
220604
230604
240604
250604
260604
270604
280604
290604
300604
310604
010704
020704
030704
040704
050704
060704
070704
080704
090704
100704
110704
120704
130704
140704
150704
160704
170704
180704
190704
200704
210704
220704
230704
240704
250704
260704
270704
280704
290704
300704
310704
010804
020804
030804
040804
050804
060804
070804
080804
090804
100804
110804
120804
130804
140804
150804
160804
170804
180804
190804
200804
210804
220804
230804
240804
250804
260804
270804
280804
290804
300804
310804
010904
020904
030904
040904
050904
060904
070904
080904
090904
100904
110904
120904
130904
140904
150904
160904
170904
180904
190904
200904
210904
220904
230904
240904
250904
260904
270904
280904
290904
300904
310904
011004
021004
031004
041004
051004
061004
071004
081004
091004
101004
111004
121004
131004
141004
151004
161004
171004
181004
191004
201004
211004
221004
231004
241004
251004
261004
271004
281004
291004
301004
311004
011104
021104
031104
041104
051104
061104
071104
081104
091104
101104
111104
121104
131104
141104
151104
161104
171104
181104
191104
201104
211104
221104
231104
241104
251104
261104
271104
281104
291104
301104
311104
011204
021204
031204
041204
051204
061204
071204
081204
091204
101204
111204
121204
131204
141204
151204
161204
171204
181204
191204
201204
211204
221204
231204
241204
251204
261204
271204
281204
291204
301204
311204
010105
020105
030105
040105
050105
060105
070105
080105
090105
100105
110105
120105
130105
140105
150105
160105
170105
180105
190105
200105
210105
220105
230105
240105
250105
260105
270105
280105
290105
300105
310105
010205
020205
030205
040205
050205
060205
070205
080205
090205
100205
110205
120205
130205
140205
150205
160205
170205
180205
190205
200205
210205
220205
230205
240205
250205
260205
270205
280205
290205
300205
310205
010305
020305
030305
040305
050305
060305
070305
080305
090305
100305
110305
120305
130305
140305
150305
160305
170305
180305
190305
200305
210305
220305
230305
240305
250305
260305
270305
280305
290305
300305
310305
010405
020405
030405
040405
050405
060405
070405
080405
090405
100405
110405
120405
130405
140405
150405
160405
170405
180405
190405
200405
210405
220405
230405
240405
250405
260405
270405
280405
290405
300405
310405
010505
020505
030505
040505
050505
060505
070505
080505
090505
100505
110505
120505
130505
140505
150505
160505
170505
180505
190505
200505
210505
220505
230505
240505
250505
260505
270505
280505
290505
300505
310505
010605
020605
030605
040605
050605
060605
070605
080605
090605
100605
110605
120605
130605
140605
150605
160605
170605
180605
190605
200605
210605
220605
230605
240605
250605
260605
270605
280605
290605
300605
310605
010705
020705
030705
040705
050705
060705
070705
080705
090705
100705
110705
120705
130705
140705
150705
160705
170705
180705
190705
200705
210705
220705
230705
240705
250705
260705
270705
280705
290705
300705
310705
010805
020805
030805
040805
050805
060805
070805
080805
090805
100805
110805
120805
130805
140805
150805
160805
170805
180805
190805
200805
210805
220805
230805
240805
250805
260805
270805
280805
290805
300805
310805
010905
020905
030905
040905
050905
060905
070905
080905
090905
100905
110905
120905
130905
140905
150905
160905
170905
180905
190905
200905
210905
220905
230905
240905
250905
260905
270905
280905
290905
300905
310905
011005
021005
031005
041005
051005
061005
071005
081005
091005
101005
111005
121005
131005
141005
151005
161005
171005
181005
191005
201005
211005
221005
231005
241005
251005
261005
271005
281005
291005
301005
311005
011105
021105
031105
041105
051105
061105
071105
081105
091105
101105
111105
121105
131105
141105
151105
161105
171105
181105
191105
201105
211105
221105
231105
241105
251105
261105
271105
281105
291105
301105
311105
011205
021205
031205
041205
051205
061205
071205
081205
091205
101205
111205
121205
131205
141205
151205
161205
171205
181205
191205
201205
211205
221205
231205
241205
251205
261205
271205
281205
291205
301205
311205
010106
020106
030106
040106
050106
060106
070106
080106
090106
100106
110106
120106
130106
140106
150106
160106
170106
180106
190106
200106
210106
220106
230106
240106
250106
260106
270106
280106
290106
300106
310106
010206
020206
030206
040206
050206
060206
070206
080206
090206
100206
110206
120206
130206
140206
150206
160206
170206
180206
190206
200206
210206
220206
230206
240206
250206
260206
270206
280206
290206
300206
310206
010306
020306
030306
040306
050306
060306
070306
080306
090306
100306
110306
120306
130306
140306
150306
160306
170306
180306
190306
200306
210306
220306
230306
240306
250306
260306
270306
280306
290306
300306
310306
010406
020406
030406
040406
050406
060406
070406
080406
090406
100406
110406
120406
130406
140406
150406
160406
170406
180406
190406
200406
210406
220406
230406
240406
250406
260406
270406
280406
290406
300406
310406
010506
020506
030506
040506
050506
060506
070506
080506
090506
100506
110506
120506
130506
140506
150506
160506
170506
180506
190506
200506
210506
220506
230506
240506
250506
260506
270506
280506
290506
300506
310506
010606
020606
030606
040606
050606
060606
070606
080606
090606
100606
110606
120606
130606
140606
150606
160606
170606
180606
190606
200606
210606
220606
230606
240606
250606
260606
270606
280606
290606
300606
310606
010706
020706
030706
040706
050706
060706
070706
080706
090706
100706
110706
120706
130706
140706
150706
160706
170706
180706
190706
200706
210706
220706
230706
240706
250706
260706
270706
280706
290706
300706
310706
010806
020806
030806
040806
050806
060806
070806
080806
090806
100806
110806
120806
130806
140806
150806
160806
170806
180806
190806
200806
210806
220806
230806
240806
250806
260806
270806
280806
290806
300806
310806
010906
020906
030906
040906
050906
060906
070906
080906
090906
100906
110906
120906
130906
140906
150906
160906
170906
180906
190906
200906
210906
220906
230906
240906
250906
260906
270906
280906
290906
300906
310906
011006
021006
031006
041006
051006
061006
071006
081006
091006
101006
111006
121006
131006
141006
151006
161006
171006
181006
191006
201006
211006
221006
231006
241006
251006
261006
271006
281006
291006
301006
311006
011106
021106
031106
041106
051106
061106
071106
081106
091106
101106
111106
121106
131106
141106
151106
161106
171106
181106
191106
201106
211106
221106
231106
241106
251106
261106
271106
281106
291106
301106
311106
011206
021206
031206
041206
051206
061206
071206
081206
091206
101206
111206
121206
131206
141206
151206
161206
171206
181206
191206
201206
211206
221206
231206
241206
251206
261206
271206
281206
291206
301206
311206
010107
020107
030107
040107
050107
060107
070107
080107
090107
100107
110107
120107
130107
140107
150107
160107
170107
180107
190107
200107
210107
220107
230107
240107
250107
260107
270107
280107
290107
300107
310107
010207
020207
030207
040207
050207
060207
070207
080207
090207
100207
110207
120207
130207
140207
150207
160207
170207
180207
190207
200207
210207
220207
230207
240207
250207
260207
270207
280207
290207
300207
310207
010307
020307
030307
040307
050307
060307
070307
080307
090307
100307
110307
120307
130307
140307
150307
160307
170307
180307
190307
200307
210307
220307
230307
240307
250307
260307
270307
280307
290307
300307
310307
010407
020407
030407
040407
050407
060407
070407
080407
090407
100407
110407
120407
130407
140407
150407
160407
170407
180407
190407
200407
210407
220407
230407
240407
250407
260407
270407
280407
290407
300407
310407
010507
020507
030507
040507
050507
060507
070507
080507
090507
100507
110507
120507
130507
140507
150507
160507
170507
180507
190507
200507
210507
220507
230507
240507
250507
260507
270507
280507
290507
300507
310507
010607
020607
030607
040607
050607
060607
070607
080607
090607
100607
110607
120607
130607
140607
150607
160607
170607
180607
190607
200607
210607
220607
230607
240607
250607
260607
270607
280607
290607
300607
310607
010707
020707
030707
040707
050707
060707
070707
080707
090707
100707
110707
120707
130707
140707
150707
160707
170707
180707
190707
200707
210707
220707
230707
240707
250707
260707
270707
280707
290707
300707
310707
010807
020807
030807
040807
050807
060807
070807
080807
090807
100807
110807
120807
130807
140807
150807
160807
170807
180807
190807
200807
210807
220807
230807
240807
250807
260807
270807
280807
290807
300807
310807
010907
020907
030907
040907
050907
060907
070907
080907
090907
100907
110907
120907
130907
140907
150907
160907
170907
180907
190907
200907
210907
220907
230907
240907
250907
260907
270907
280907
290907
300907
310907
011007
021007
031007
041007
051007
061007
071007
081007
091007
101007
111007
121007
131007
141007
151007
161007
171007
181007
191007
201007
211007
221007
231007
241007
251007
261007
271007
281007
291007
301007
311007
011107
021107
031107
041107
051107
061107
071107
081107
091107
101107
111107
121107
131107
141107
151107
161107
171107
181107
191107
201107
211107
221107
231107
241107
251107
261107
271107
281107
291107
301107
311107
011207
021207
031207
041207
051207
061207
071207
081207
091207
101207
111207
121207
131207
141207
151207
161207
171207
181207
191207
201207
211207
221207
231207
241207
251207
261207
271207
281207
291207
301207
311207