010190
010191
010192
010193
010194
010195
010196
010197
010198
010199
020190
020191
020192
020193
020194
020195
020196
020197
020198
020199
020100
030190
030191
030192
030193
030194
030195
030196
030197
030198
030199
030100
040190
040191
040192
040193
040194
040195
040196
040197
040198
040199
040100
040190
040191
040192
040193
040194
040195
040196
040197
040198
040199
040100
050190
050192
050193
050194
050195
050196
050197
050198
050199
050100
060190
060191
060192
060193
060194
060195
060196
060197
060198
060199
060100
070190
070191
070192
070193
070194
070195
070196
070197
070198
070199
070100
080190
080191
080192
080193
080194
080195
080196
080197
080198
080199
080100
090190
090191
090192
090193
090194
090195
090196
090197
090198
090199
090100
100190
100191
100192
100193
100194
100195
100196
100197
100198
100199
100100
110190
110191
110192
110193
110194
110195
110196
110197
110198
110199
110100
120190
120191
120192
120193
120194
120195
120196
120197
120198
120199
120100
130190
130191
130192
130193
130194
130195
130196
130197
130198
130199
130100
140190
140191
140192
140193
140194
140195
140196
140197
140198
140199
140100
150190
150191
150192
150193
150194
150195
150196
150197
150198
150199
150100
160190
160191
160192
160193
160194
160195
160196
160197
160198
160199
160100
170190
170191
170192
170193
170194
170195
170196
170197
170198
170199
170100
180190
180191
180192
180193
180194
180195
180196
180197
180198
180199
180100
190190
190191
190192
190193
190194
190195
190196
190197
190198
190199
190100
200190
200191
200192
200193
200194
200195
200196
200197
200198
200199
200100
210190
210191
210192
210193
210194
210195
210196
210197
210198
210199
210100
220190
220191
220192
220193
220194
220195
220196
220197
220198
220199
220100
230190
230191
230192
230193
230194
230195
230196
230197
230198
230199
230100
240190
240191
240192
240193
240194
240195
240196
240197
240198
240199
240100
250190
250191
250192
250193
250194
250195
250196
250197
250198
250199
250100
260190
260191
260192
260193
260194
260195
260196
260197
260198
260199
260100
270190
270191
270192
270193
270194
270195
270196
270197
270198
270199
270100
280190
280191
280192
280193
280194
280195
280196
280197
280198
280199
280100
290190
290191
290192
290193
290194
290195
290196
290197
290198
290199
290100
300190
300191
300192
300193
300194
300195
300196
300197
300198
300199
300100
310190
310191
310192
310193
310194
310195
310196
310197
310198
310199
310100










01011990
01011991
01011992
01011993
01011994
01011995
01011996
01011997
01011998
01011999
02011990
02012000
02011991
02011992
02011993
02011994
02011995
02011996
02011997
02011998
02011999
02012000
03011990
03011991
03011992
03011993
03011994
03011995
03011996
03011997
03011998
03011999
03012000
04011990
04011991
04011992
04011993
04011994
04011995
04011996
04011997
04011998
04011999
04012000
040190
04011991
04011992
04011993
04011994
04011995
04011996
04011997
04011998
04011999
04012000
05011990
05011992
05011993
05011994
05011995
05011996
05011997
05011998
05011999
05012000
06011990
06011991
06011992
06011993
06011994
06011995
06011996
06011997
06011998
06011999
06012000
07011990
07011991
07011992
07011993
07011994
07011995
07011996
07011997
07011998
07011999
07012000
08011990
08011991
08011992
08011993
08011994
08011995
08011996
08011997
08011998
08011999
08012000
09011990
09011991
09011992
09011993
09011994
09011995
09011996
09011997
09011998
09011999
09012000
10011990
10011991
10011992
10011993
10011994
10011995
10011996
10011997
10011998
10011999
10012000
11011990
11011991
11011992
11011993
11011994
11011995
11011996
11011997
11011998
11011999
11012000
12011990
12011991
12011992
12011993
12011994
12011995
12011996
12011997
12011998
12011999
12012000
13011990
13011991
13011992
13011993
13011994
13011995
13011996
13011997
13011998
13011999
13012000
14011990
14011991
14011992
14011993
14011994
14011995
14011996
14011997
14011998
14011999
14012000
15011990
15011991
15011992
15011993
15011994
15011995
15011996
15011997
15011998
15011999
15012000
16011990
16011991
16011992
16011993
16011994
16011995
16011996
16011997
16011998
16011999
16012000
17011990
17011991
17011992
17011993
17011994
17011995
17011996
17011997
17011998
17011999
17012000
18011990
18011991
18011992
18011993
18011994
18011995
18011996
18011997
18011998
18011999
18012000
19011990
19011991
19011992
19011993
19011994
19011995
19011996
19011997
19011998
19011999
19012000
20011990
20011991
20011992
20011993
20011994
20011995
20011996
20011997
20011998
20011999
20012000
21011990
21011991
21011992
21011993
21011994
21011995
21011996
21011997
21011998
21011999
21012000
22011990
22011991
22011992
22011993
22011994
22011995
22011996
22011997
22011998
22011999
22012000
23011990
23011991
23011992
23011993
23011994
23011995
23011996
23011997
23011998
23011999
23012000
24011990
24011991
24011992
24011993
24011994
24011995
24011996
24011997
24011998
24011999
24012000
25011990
25011991
25011992
25011993
25011994
25011995
25011996
25011997
25011998
25011999
25012000
26011990
26011991
26011992
26011993
26011994
26011995
26011996
26011997
26011998
26011999
26012000
27011990
27011991
27011992
27011993
27011994
27011995
27011996
27011997
27011998
27011999
27012000
28011990
28011991
28011992
28011993
28011994
28011995
28011996
28011997
28011998
28011999
28012000
29011990
29011991
29011992
29011993
29011994
29011995
29011996
29011997
29011998
29011999
29012000
30011990
30011991
30011992
30011993
30011994
30011995
30011996
30011997
30011998
30011999
30012000
31011990
31011991
31011992
31011993
31011994
31011995
31011996
31011997
31011998
31011999
31012000