
!
!!!
!!!!
!@
!@#
!@#$
!@#$%
!@#$%^
!@#$%^&
!@#$%^&*
!@#$%^&*(
!@#$%^&*()
!@#$%^&*()_+
!@#$%^&*()_+|
!pwd@ti
!QWERTY
#@!
$#@!
%null%
%username%
%username%!@#$
%username%1
%username%12
%username%123
%username%1234
*
***
@#$%^&
@admin
@admin@
@administrator
@dmin
@dministrator
@sysadmin
@system
][akep
][akep13
][aker
][aker13
_
_nick_
_other_
}{aker
0
00
000
0000
00000
000000
0000000
00000000
0000418
000090
000099
000102737
0001363574
0002168450
00037398
000409783
00055886
000693170
00076772
0011313975
001681
0018045569
0021283
00226554
00233915
0024056
002451
002639183
0028777862
002948
003235233
0033008609
003605775
0036442440
003661
0037348
0039107
00401149
004099751
0041081609
0044728471
004781
00483280
00496609
0052670815
00534936
0058204
00593657
0060067956
006039
006351347
007
007007
00702857
00706509
0074369
007446
007622
008060293
008970210
00938853
0095847298
009834993
009981798
0099849715
010062454
010101
010203
01032096
010450
0105188782
010857497
0109912
0110425
01117597
011684
0117357
0117582
011805
0118975630
012
0120043
0123
01234
012345
0123456
01234567
012345678
0123456789
012345678910qwerty
0123456789qwerty
012345678qwerty
01234567qwerty
0123456qwerty
012345qwerty
01234qwerty
01235
0123qwerty
0128234263
012949114
012qwerty
013039688
013123
0131644757
01329827
0136970822
01387630
0139318
0140493
0142104
014320
014651
01545812
015546699
015818749
0159900
01604482
0161539
0164057
01650450
016611801
016611913
016943
01695318
0169782
0171399
01714827
017308040
0173894907
01752174
01771301
017862103
018042750
0180436
018214
0183454135
018588152
0186013060
018605613
0187093758
019006814
0192058
019384
019513
019750
01qwerty
020202
020225
02024449
020268353
02030497
02059706
020749
0209148
0210776855
0210920
0215338
02168242
021774409
021987
02239836
022792560
02290814
0232143711
023277
0234423360
02365596
023686570
023757
023902844
0243575
0244357119
0246
024675
02482628
0249
02515802
02530429
02581646
025935
025976
0266449
026859443
027017458
027074149
02713633
0272628254
02745678
027613881
0279809
0280306
028400971
0289597
0291592
029255491
0293035
029935
030194228
030252
030371489
0304207756
0305387952
03054520
030671195
030856
0309101982
03092894
0310101001
0310702
031100
031175188
0311977
03128409
03157661
0315911
0316596
0319903456
0323223
032483108
0325056
03278365
0330218
033451
0335880
033754031
03379598
033818205
03421064
034822
0349516412
0349639900
03504540
0354716396
035585
035662143
0361455739
036300
0363902
03654445
0367577225
037543
038030827
0382287
0386770
038776726
0388763
0390092
039108168
039458
0396128984
0396537
039697688
0398248438
03982961
039834
0398379431
03997442
040067844
040119595
0405015044
0406818
0407450628
040939219
040963
041098
04115472
041192
041424302
0415047594
041732
041841542
041899
042022850
04212385
04226415
042271632
042512
042563
0426178478
042751
042776
0429638791
0432502
043425
043594795
04360058
0436315
043777778
0438180786
0439976663
0441701691
0446587
04492865
0449682
045203224
045494
045779
04582990
0462852
0465145
04681532
04714274
047371468
04780919
047895616
0479811
048296
0485114
04860408
0486628957
04867727
0488870
049297199
05060847
05076178
0509445351
0509888
0510052231
051097
0511510
0512099
051316660
05145609
0517809
051865148
052112
052219636
0525547211
052561206
0527296
0529565
05307641
0531403071
0532067
053440
053459
0538744363
053970
05418216
0542313
0543422483
0544137102
054478
05455622
0545699539
054996
0549976
055147
05524680
055318834
055426
055637
0559742042
05603662
056335877
0566717572
0567032429
056862
057065349
057317
0580969865
058470717
058595
0591433433
05942598
0594303
059560
059698
060277434
06028080
06033437
060437
06073340
0608026
0610281406
061037489
0611667
0614013
061511
0617205610
06204979
0626730938
06293201
062972880
0631241
0631306508
063671709
0636886189
063763574
06399968
064011
064051616
064249
064422
064501
06450435
064506
0647137
064800
0649742
06527912
06541259
06587009
0661791489
06628296
066524792
0665647550
066657
066662667
06676369
066783
0669131
0670260
067477
067487
067620641
0677587
0677905
067895297
0679929
0682867
068364940
068473
0687615525
0689534435
069027
069239
0694621563
069820083
0699092275
07009297
0704662982
070565
070619630
07067178
070739258
07093830
070947
07108571
0714598954
0716394
071721
07251071
0726781195
072793904
072895080
0732259
073965475
074619996
0749898
075084
0754095
075506442
0755176
0758618047
0759980566
076382
07658396
0766214533
077025
077062
07721032
077211
077521331
077829611
07813486
0784966082
07899715
07915113
0794709
079550114
079613346
0799357917
08048883
080926587
0809828
0809848092
0810256567
081855994
0824188
082444
082780
0828787
0829229
083288803
0833697
083489
0837488787
084036210
084406076
0845216911
0846777
0848526
08495015
0851823658
0853279894
0854161293
0857068
0860334107
086110656
08616408
086425545
0864477993
0866363
08664767
0867670265
087127
087234579
0872346060
08761807
0877393
087894
087987247
088343
0884325321
0884509723
0884898
0885654
0886999
088717
0889401567
089093
089359
0895702614
089602
089783925
0898328
0899629775
0899643
0899911396
0900230
0902331
09060459
090748233
090909
0910683
09130381
091535
0915637893
091929
0923065
0924228
0926466617
0927902
0928116
0930032
093074370
09321865
0935207659
0941068765
0943080
0944101617
094787
09479859
09480188
0949894
095119215
0953090543
095316903
095397197
0961172754
096717
09740620
09747290
097563
0976173
097640
097721403
0977418430
09776505
098133428
0983613280
098571449
098678957
098765
0987654321
0987865
09898667
0996513
09968123
099728880
09974923
0997635665
099776898
0qwerty
1
100234633
1003905
100746
100786
1010
101010
10153176
10172892
1019511
1019517
1022022
102980730
103253
103256
103959367
1039822363
1041949
1044305323
104522693
1045691
1046640066
10516727
10526238
105599
1057003736
106237441
1064230456
1070027004
1070799
10741328
107438
10763165
107939
108192289
10825621
108275
10828050
108361
10848678
108661024
1087008
1088502813
10949066
10965482
1097003
109757
1098369714
109858870
1098638
11
110220
110474
1105535
110674
110947
11096484
111
1110260
1111
11111
111111
1111111
11111111
1111111111
1111a
111222
11147140
112050
112112
1122
112233
11223344
112237
1123
112433
11247781
1129540446
11303892
11315676
11322055
1133
1133401
113355
113418
11357680
1136802651
1137621927
113807480
1141466
1142575
1153652
1153978
11547396
11603712
1161049
116221
116259043
116319106
1165487
116584
1167525
1168524
1169068
116rus
117048301
1171270
1173344
117370
1173929810
117604313
117981
118201137
1182786887
1184018357
118481715
11849042
1185246056
118575
11896709
1190029605
119030990
11921394
119453097
119608655
1196392837
119866311
119884
1199783
12
12007035
120119064
1201805
12037431
120490
120573
12063120
1207186
12092109
12097114
12103544
1212
121212
12121212
1212121212
12169747
1217521
121910497
12207024
122086
12211334
12212129
1221253
122333
122382
1225
12277009
122779
123
1230044
123123
123123123
123321
1234
12341234
12344321
12345
123456
1234560
1234565
1234567
12345678
123456789
1234567890
12345678910qwerty
123456789qwert
123456789qwerty
123456789qwerty123456789
12345678qwerty
12345678qwerty12345678
1234567q
1234567qwert
1234567qwerty
1234567qwerty1234567
123456q
123456qwe
123456qwert
123456qwerty
123456qwerty123456
12345a
12345qwe
12345qwert
12345qwerty
12345qwerty12345
12348765
1234a
1234qwer
1234qwert
1234qwerty
1234qwerty1234
1234rewq
123654
12373873
123abc
123ewq
123qwe
123qweasdzxc
123qwert
123qwerty
123qwerty123
123zxc
1240549
124358
12458975
12464385
1248671768
125714640
1257426740
1259299363
1265118570
126515449
126579952
126633360
1267726
1270130
1280618
12813735
1282005
1284384
128451430
128839
1298622677
12qwaszx
12qwerty
12qwerty12
13
1304070812
13058295
130613
130704611
1309374
1309394
1312044705
131238137
1313
131313
1314520
131741146
131745401
1318098080
13188736
1331843029
13338143
13354946
1336988
13376859
1343407
1344163125
13446128
134501
134718
1348548424
13540893
13579
1362583
136445
13655797
13662583
137177
13720551
1373394798
137482
1375602
1376296
1378193
137948964
13802133
1384775091
13941286
1395527
1395738472
139585127
1396145
1396832618
14
14048407
1406107206
1406467
1407077
1407180316
14075064
1407747
1415542275
14157548
141598510
14166248
141745
1418287995
142023049
142152
142589
14260042
142786525
1429029377
142911725
143000199
1430215034
14308502
143340
143356746
14358922
1438732253
144069447
14430
1443454761
14444375
1447562
145027
145112
1451456805
14529207
145545809
145675
145848
1458748413
1459884
146343976
1464535
146594
14667589
1467220
1469278
14703448
147258
1473189
147429
147592
14760702
14761519
1477082008
1477111
14774573
147812
148043861
1480986
148133042
14836542
1489754
1491983
1492816182
1492963184
1495580740
149718876
149725998
1498678
14990759
15
150426331
151184
1511891394
151441662
1517673
152213821
1523828883
152402380
1527672009
1529673
1530283867
153189
1540037
1544144586
154507094
15453007
1545455261
1549727
1552448600
15527603
1552766
1553467
155366646
155947
15652735
1565675427
157062261
157401
1575624
1582541
158285
158295
1586337
158781
159159
159357
159367
159636
15970329
159753
1597646
16
1602463
160519
160721
1608212
160828029
160937550
1613168232
1613540013
161672
161672612
16184133
16222863
1622510
162535
162833831
16307432
163327350
16377347
1640632
1641373
16423017
164263
1642701
1646581224
16472946
164733849
1650680
16523826
165280127
16549817
1659030
16611406
166177458
1662817
166416078
166970700
1674370253
1674894242
1675106
1680899
168121171
168168
168223
168569
16861248
1686981
16872401
168796
168923364
16952984
1695443
169878440
1699418
17
1701d
1703171659
1705364
17056430
1705942
170730997
17076165
1710625202
1711275793
171352
17138423
171881797
1718849502
1721315
172295
172488530
17277838
1727932042
17311260
17333229
173544
17366156
1736895052
1738300
1739255097
17393342
174481
174805
17557548
1756004431
17595073
175961
1761716511
1762920
1766550
17695535
176975
1770712
177157106
1771919
177981
1782592
178415574
17858560
1796132607
1799372
18
18013644
1805738957
180581
1811208
181292024
181599
182056
1822223991
1825185
1825271803
1829235
1830664588
183111948
1832938923
183385
18380080
1839225
183942437
1841543
184287391
1845441
1846751123
185426
185604
1856859476
185971788
18598174
186098480
186224
18629188
1863208
18704224
18711288
1871719216
187506
1876656769
188007
18811592
188293537
18908706
189427
189518
189527464
1895775
18966214
19
190184
190198
190527
19070645
1907594493
191016781
1910342
191322
191428
191565
192074
1921086
1923681593
1926818209
1928
1929602
1930650
1932207688
1941543767
19425372
194316
194483
19448887
194591
19477533
1948364
1950754
1951
19533108
195341
1953424168
1954807
19551031
195645876
195658
19567990
19574826
1958275
1960505
196571
19662643
1969425425
197342
197463
1976129
1980851
1982533083
198434670
198552120
198625
1986784782
19885742
199127
199240
199317
1995552
199671768
1996838858
1997835524
1998124
1a2b3c
1p2o3i
1q2w
1q2w3
1q2w3e
1q2w3e*
1q2w3e4
1q2w3e4r
1q2w3e4r5
1q2w3e4r5t
1q2w3e4r5t6
1q2w3e4r5t6y
1qaz
1qaz!QAZ
1qaz2wsx
1qazxsw2
1qw23e
1qw23er45ty67u
1qwerty
1qwerty1
1qz
1sanjose
20
2000
200084
2001
2002
20022413
2003
2004
2004766732
2005
2006
200620
2007
20074646
2008
2009
20098569
2009875
2010
201119995
2012
20124627
20143192
2015207661
2017884
20203973
202041
202429936
2030112
203225931
20329154
2035923
203592359
203648
2036927
2039048207
204154
2042128
204259444
2043515
204433875
204744433
204796183
2050232
205480161
205947041
205987138
206471851
2065397
206595225
20674451
2067962966
2070024
2070624
2071177
207253
2072856
2072938102
207686346
208023
2080986975
208256
2082871
2084429171
208472
20879505
20902265
2090720
209091
209538
209577
20960304
21
21010618
210203250
210253720
2112
21122112
211453
2115450622
211732
2117897240
2119233
212121
212849
213044956
213363
213373791
2134165795
2134408377
21350379
2135629
213609
2139438
213985
2143168
214651
2147219
2147369
215122916
21512878
215397653
2154284649
21560705
215969
21606611
216078757
216581
216690448
216745
2168435
2168788
216955
2169561989
217207
21720956
2173894616
217699680
21798693
2181624
218277204
2182926652
2190142943
219144
219173279
2193223003
21968160
2199831789
21qwerty
22
220261
2207805696
22110209
2212625722
221276
2216277597
2217704952
222
2222
22222
222222
2222222
22222222
2222a
2223195690
22250471
2226766167
222851085
2228707201
2228739
2232645
2234902965
2238519
2240820
2241932329
22420842
224466
224898454
2249742495
224984390
22534519
225489
2256803
22579253
2262893142
226337
226576797
2266607550
2271749896
227177955
2272978433
227365310
22752844
227644586
2277066
227709
2277265353
227928286
228095
228114
228132
22814859
228228228
22823192
228245
2283354
22873222
228825360
228qwe
22910114
229496857
229634
2297156
2297787231
229782
22984722
22999168
2300327
23015244
2306192017
230707848
230733
230848496
2312180249
231638
231710783
2317583028
231758348
23177727
2322131
232323
2335488
2336662102
2337269829
2340954018
2341263003
234241
234328755
2345514
2346937701
234792
234930786
2349481
2352742747
235326063
2353376
235360039
2357197430
235746118
2361044
2361648
2362278957
23746281
238445
238808264
238819262
23909961
2392707077
239843796
2399406
240049651
24017282
2408532921
240993130
24159300
2416062514
24242874
242515
2425541375
242810
2430125
2432404
2433187937
2435584642
2436483370
24461167
244848547
244988
2450443
24514507
2451571187
245161500
2454399
2454818
245507
24557911
246
2461695015
246218421
246873951
2468935
24696339
24745365
2474571
247862617
2481121040
24821327
2482815
248453716
2485272410
2486351363
248769
2488934567
249
2490408122
2493763751
249444
2498131092
25000758
25008072
251075
2510794708
2511684
251258
2513396566
25168218
251955
25201355
2520831363
2525591
252572
2527067
252815
2529237
2530866
2532540365
25329014
2534030
2537650825
253921
2541358
254483578
25448491
25453920
2545768070
255108063
255258
25546549
255618189
25574207
2557962
25582151
256075534
25622792
2562801526
256409755
2564767988
2565594
25672114
256736
256832
257501
257912
258175
25825451
25832500
2583800550
25838099
25841504
259381194
259385
2597421
2605500
2606219600
260848876
2608932
261031
2611315345
261252
261413450
2616079
261681469
26193062
261986
262509
262550
2625504587
2626711065
262725
263008
263638554
264206
264296
2644068716
264658381
26500430
265095306
26529768
2653784
2654380
265663
2658564
2664178508
2664829
2669581
2670157
2670650
267194133
26735165
267354
267422674
267425
267428541
26790231
268303298
2696488
2698018698
26984809
269877
2700010
2704876292
270600425
270926517
270947
270990081
271161765
2716518288
2717088
27172412
271937
272212
272585
272754205
2728001241
27290459
272980
2732143366
2736670608
2737233
2738163292
2739306
2739474
274000833
274046
2742326
2743349
27452006
275829993
27589827
2759350
276047130
2760716270
276199
276315
27632610
276521
2766314173
276693
2767343339
2767857604
276948655
276985
2776107
2777604413
27802277
2783133
278538
278870148
27892051
279407803
279656
2802223319
280513
280542981
280719753
2810700780
281236
28186659
28224466
2822548906
2824529788
2830654
2831900
2831990
283410481
2834620899
2836891346
28398078
283986
284154656
284211
284250040
2843517
284765
2850601546
28517994
28534471
285361809
285442987
2855195
28590777
28621910
28624304
286750
2868237178
28687369
286879465
28706665
2873732548
2874766
2875201123
288029
288052283
28813935
2882394039
2882427
288297
2884359
28846227
288676
289057250
2890572771
289061
289108928
2891938
289317729
28940518
289473
2899525383
2900197
290087266
29011063
29034200
290751
290900594
291036
291140
29162021
29163928
2917240
291849524
292007568
2920346
29210618
2923437042
2925683
29268254
2930017
2931010669
29314115
29365924
29372935
2939639
294125
29416891
2943457808
294682809
29530059
29542724
295886903
296046
2962630683
296408
296469740
29649874
2965495155
296582
29659658
296641
296736067
296776960
296983077
29704281
29724260
29733236
2973374798
2973891
2974164679
2974432229
29747972
297577
2975932928
2977662
297813
29798410
29799023
298268858
2986282
2986366783
298733554
2989523490
2989694660
2992894
299397802
299484380
299525
29955812
2996125
3
300008
30029732
3004369744
300485
3006635
30126877
301290943
30146254
3015751
301814072
301981
30208979
3023090
302366321
3023783499
302558181
3025607723
3026963
3032611
3035222
3035535
3036147600
303746
3038488
304394
30441433
3050286
305097
30516614
30595871
306360
3070532
3079126
307941
308099
308128
3084079988
3086106633
30889892
308943
3091342807
3091737972
3096535657
309806425
3099634466
3101545359
31019117
310202788
31080706
3112759
311690
311697517
3118593
312187
3121945
312321
312411709
3124303954
312451
3129981038
31331498
31337
313404
31344177
3135929
31361854
3139418
31415926
314211
31432552
3144832807
31460503
314651
3149489
315074
3151976
3153775
315479
315552
315885
316383
316389
31646340
31650926
3166462400
3169323392
3171772
3176462
317651697
317862839
318088844
3181759
3181861
31846101
318679504
3189997
3196289
32026453
320313150
320558
3207950038
3208219
3208989997
3209627
321
321123
321321
321654
321654987
3216932152
3217653248
321adc
321qwerty
322258
3223507
3223714
3224351
322450
3225461767
322553593
3227890139
32291116
3230297
323232
3232878979
323372022
3234613865
32375612
323809
323832
323879814
3239227
323983
32410240
324134
3241579807
3242712781
32482797
3250615131
3251051
325429
3257381023
3261556637
3264482049
326616163
326649
327104
3273180
327400633
3279485
32796927
328054
328204713
328261165
328640
328675
329026
329034
329081
3297361720
33
3301792604
330322
330733146
3308045964
330853048
33100778
33120224
33146610
33172885
3318954
332211
332304
3324863171
33269162
333
3333
33333
333333
3333333
33333333
3336557
3339618
3344923
3347224407
3351877675
33532193
3362848742
3368523490
3369287951
3369411547
337010470
337067993
33727475
3374155
3374352618
337888
338086
33840048
338434010
338728667
3387546117
3388044
338883
339039361
339182
33935090
339469360
3395767
33961589
33964107
33976826
339848
3400360913
3403655
3404618094
34046520
34048672
34060017
340733
340967
34174369
342046507
342512762
342757665
3428036283
3428770680
34298259
3432637711
343297566
343432
343434
343649
343744053
3437954
343852340
3438541
343883
34405625
344319243
3443652900
344562
34470985
3448488
34521
3456229
3461815683
346318
34636910
346410055
346516371
3465530140
346694397
3472519877
34743595
34753976
347544
348020521
3481775564
34886111
34955977
3497280
3499889
3500120286
3504385856
3505924
3508149
350851100
3510342449
351629
351923474
35202292
3521334218
352510
352519837
35266708
353094504
3532474
353886
354034850
3544339353
354544405
3546102025
354698741
355061
3551622100
3552946
3557007912
356088
35644971
35652540
357118
357171629
357481636
35765858
3578397778
3579339
357951
358191578
35866651
358805
35895826
359027840
3596037767
3597056
35974858
3597681821
3597944
3599248
35996430
3600204120
3605119
3605509
360982825
3611675
361176
361359115
3614817
3614935
3616668
362036
3621928
3625173
36281262
3628887
363072585
3631542253
363155818
3632724584
36352130
3641402
36446608
364800
36513882
3654256
3656987158
365985051
366254261
3662576
3662598929
3663305005
3668650
366897
3670665
3673216545
3674708
36786722
367982
3681722318
3682808976
368350517
369
3692686565
369483321
3695406878
369852147
370046427
37026115
3703655
370385540
3706532485
37068223
370783370
3710552
371270
371609572
371678208
371725277
371897
3726411020
37296710
373046
3730857874
373275
3736250596
37376472
3743985843
3745284250
3745571297
374891771
37495596
3750719
3750850028
375724
3762958
376527136
3766530558
3769510
37702088
3771091
37722685
37735329
377672683
377809267
37849326
3785419
378554025
378804680
37890757
3790387
3790613066
37906941
3791895913
379347015
3795801
3797339
379823336
379858
380457
380544
380805006
3814070
382100210
38210049
3823343
383095958
383107426
3833613286
3837994
383869223
3841422704
3843233
384400716
3845859
384680889
3847155
384988
385100
385210
3860142259
3860282316
386373231
3869231
3876067
3882650878
388428
3885217385
38863976
3886801
38887988
3890429
39008480
390313
39046742
3904iurf
391062803
391178
3912169
39122913
391244
391264
3913375
391549213
3916295155
391742364
3919443
392089988
3922105
392465098
392515329
39259422
393071880
3931134
393117232
393127262
3932010
39343482
393611
3938313221
39384876
394045048
394180
3941866535
394214408
3946222116
394816694
39484638
3948862886
394904590
3951895
395529
39567264
39594799
39600283
3963746752
39649606
396515893
3966486553
3966903
396722
39676462
3967849
39697275
3972009
3978512854
3979193147
39805289
398128077
398404623
398404945
398487699
3984898
39849252
3988065741
3990627767
3995119888
399717923
39977205
39978783
3e2w1q
4
400099939
40026775
400491594
4007398754
4008006
4008037634
400890003
400892
4009770696
401267
4018618273
401970468
4023687874
4024003
403258560
40327343
4037649
40376767
40389166
4043631
404556009
40459666
4049523785
40533942
405672
405777
4058914835
406106398
406256
406317
406760
40687687
4070056587
4072320
407498154
40762921
407644
408049229
4081743888
40829442
408406904
408422794
4085026947
408823558
4088698094
409081219
4092960338
40937507
4096602
4099103907
4100466
4101301518
4101823
410190
410239387
410525976
411027
4113473
411358
411410
411548714
411664319
4118535
4119107809
41195267
412019117
41247107
4126539
41269187
412976
4130309
413102750
41341327
413539
413657375
413861
4140649748
414161
414281387
4147470
41483229
4153816038
41645090
41662090
416659
41701209
417397220
4176166
4177703468
417846
4179867
4181673253
418234
41827169
418309
418617134
4187184
419384
4196424770
41984874
419885
42000003
4200951417
4201819562
420443
42047798
42053208
4207137
4208493
4209566538
4211521
421503476
421755
42185440
4219745
42210472
42311670
4232490
423338
4236362
4236872945
423850
42398970
424474407
424490067
424509970
4254652978
42695968
427003191
42710057
427433
4276338
42767748
4281434789
4281599484
4281635794
428179495
42824720
428369347
42840356
4285582
4285610
4286022
4286577814
428719
42871934
42877071
428779192
428951072
4290430
429231703
42958074
429655963
429709387
42981545
430056
4300609
4300797948
430162
430299
430304
430376761
43050122
4306063
430631
4310113
43104927
4312637
431288608
431342476
4313679453
431510
431859411
431887962
431960
431961
4321
4321qwerty
4322872
4323479727
432637
432917
433173017
4333592
4334765
433494241
4336043
4336595800
433945
434306155
4343164
434343
43439534
4343963688
434880418
43491573
435061279
43537562
4360267168
4360304184
436348
436536
436682
436760130
4368491385
43699330
437027
4371997
437400
4374807017
437867349
438197096
43842886
438498
4386558814
438714858
4389381808
43918401
4395460425
439596799
4398409725
44
44108586
441185
44187727
4419232945
4420228339
442526690
442651
4429962
443321
444
44434815
4444
4444201849
44444
444444
4444444
44444444
44525966
4453151
446067425
4462845913
446467
44650507
446688
447250
4474848
4475118612
447557
4476320
4478705
4480393
44821212
448407679
44841691
448570
448583
448586
449047942
449565
4496037
4502900
4508224737
451068
4511911
451252
45126334
45133530
4516957081
451910434
452499718
4528469
45285296
453557376
4541315538
4545126
454545
454739
455018
45503061
45504773
4552063712
455623706
455697629
45580822
45585759
455859
456123
4562503327
456321
456555317
456789
4571579296
45743402
4575811103
45774067
4580574
4582344209
458749202
458936720
4592527226
4594799
459721705
45992991
459992
460087
4602400417
4605287039
4607228409
4608208
460861830
4616617
4617039
461794
46219289
4622197
462225
462245867
4622659857
462360986
4623949
4624407367
4628819037
46296031
4631994
463371145
4636137857
463629720
46374898
46404144
46421569
4642810
4642971
46433971
4645539131
464771
465369457
4655067
4661744
4662270
46668727
4669856705
46733154
467707736
46779628
467805150
467836690
468200
468330
468374
468486677
4686934104
468821
4690122252
4690147
46909640
4692314231
46923699
469279640
469393
469454047
469464
46964368
469977
4701360
470301491
470463794
4704758
471147
4712465
4714704
471650326
471764139
472016
4720240
472438
4725660760
47271428
4727307842
47282719
47285604
472923469
4736249
4738192128
473839
4743775
4747945883
474956336
475008809
475042392
4751079630
4754702564
47587178
47598852
476139951
4763671642
476647649
476817
47691060
476996592
477102
477308476
477349
4774168
477433
47752271
47785185
478039258
4787631
479790280
480289
480446
4805232
480721
4811619
4813110
481332
481398833
481504
48151058
48160188
4818268
481848
48215448
482953
4831222577
4833217
483749483
483979367
484195193
4843465
484635
484636
4848492294
48491405
485373
4854935
485610815
4859421009
4861378961
486314
486686489
486918
487135704
487920813
4880137270
4880544156
4883031325
48835646
4885147113
48863548
4887601
48895978
489201428
489604
4897798
490036645
49019807
490472412
49065796
4908632315
4908683
4911689
491389
491641758
491917949
492065585
4921561586
49229134
492357
4923643849
492578
49313303
4932878169
49333453
4935106738
493640
49366970
4937014259
4937519045
494130
49425238
49425547
49441591
4947401167
4949344739
4949407
495054
4951188
4951423142
4955099
4955997
49579366
4960685236
4961525997
496200749
49630535
4965262322
496544
4966007
496748
497055966
497386656
497436074
4975700760
497711941
498030370
4983728611
4987090970
498921647
499146446
4991707
5
500039254
5001865567
500357
5004085891
5004145804
500557575
500739
50103306
501214259
50147234
5015179
501683
5016894895
5016932
5017574
5018202
50191256
50237948
502506583
502849165
503034
503276976
5034977
5035823721
5039615726
504516886
504577
504709311
505220
5053485
506124
506126
5061662134
5062944474
5067343
506958
50716341
50717808
5073469464
507820903
5079690904
50799547
5083545610
5087986184
508929439
509012724
5090344
5090785
5092468
5094058
509491
50955718
510500031
51073944
510925
511043578
5110615
51143314
511560
512368481
512402
5126757
512898657
5130684
5131411376
513266
51346724
513516
513573088
5137493423
513982469
5142703
514485
514902
51505667
5156987525
5157457391
5159019
516000
5164767184
516739
5167500383
516751
517275
5179181130
5182545
518514
51866181
5189569411
5189767521
5190
51905190
519382058
5198521
519943
5201314
520284
5203402608
520520
520600144
5206757072
520868
5215641
52171933
5220038754
522081
5226210928
523077709
5233601934
5235886686
5239226698
5245029893
5248568
525002
5252
52535910
52536755
5257903901
5258340
5258411
5260217
52697397
527079
5271808602
527962528
528459115
5285585
5293165230
52976287
529817671
529880
529909
5300101
530349
530526198
53056294
5307725184
531003
5312501
531337
531349739
5314537
5315290
5317486
5317742
5320437183
532136
532277
5325764088
5325777852
532960088
5330527580
5331190816
5340784066
5344516711
5345123730
5348668029
5349468
535134
535182848
535212
53540271
535405
535762
536237
536399
5364656
5368406
537360970
537703592
53777871
5378038
538303
5387364
538737043
5392864
53933337
5393845
539412
539666993
54030327
5403806
540405
5406128
5406247
54063759
5408230
540824815
540879480
540938
541507661
54176576
5419981
54227414
5424470186
542507
542856
543040
5431316348
54321
54321qwerty
543243
5434002516
5437886
54403639
54407756
544207259
5442155524
54433257
5443414834
5443652455
544603
544653926
5446559
544727
5449845184
545035382
545142306
545382274
545454
545454123
54545663
54590275
5461616
546399
546654642
546744
546797656
547024
5471338
547405238
5474352614
5476023
54767671
5478016
547861
54802244
5483502
5487474
54878322
548933
5489532967
5490890906
55
5500572593
5502316780
550340
5504943024
55050794
550632
5506449488
5509053107
550996
551312
55144389
551480561
551514576
551883
55319827
553221787
553231
553719
55390754
553922333
554537748
554908
5549607
555
555167
555233
5552450
5552776048
555470
5555
55555
555555
5555555
55555555
55563530
5560451852
5564022
556531726
556602
5566463
556809807
55692795
55701249
557167315
55730818
557572
557787103
557870
55793613
5581355100
55814237
5582538
558276603
558356847
5586100
558889563
559398
5594807262
5595327
559937
56007433
5601110584
5602921
56039855
5604233
5604570284
5605343264
5605473
560693
560742118
56076435
560773
561250
561533480
5616166
56199860
5623808015
5624641
5625399
56306151
56364990
5636640873
563897734
563919
563959874
5640206465
564037
5640528
5645442
5645687
564603
564846
5648773332
565259
5653680256
5653982
565607791
565656
566033794
566071506
566090
56639409
566795
5668838996
5671482
567467238
567549
567793
56785833
567890
5683
56880833
5688259
56900796
5693073049
569372
569480
5695214
5698933
5699646588
57010687
570216055
57042369
5705958
570849
5710652
5711197579
5711738098
57149155
571943
5723089
5728329
5732787643
5737040479
573815776
57401562
5740266
574389
57451809
574530543
57469660
5748870028
5753114386
5756922
5757070052
5759904
5760446776
576293
5765058
57674642
576823
5768964098
5770571
57780145
577973411
5784980351
579191306
579251
5794292980
5797589
579918
580190
580242
580317110
5806622970
580771
5813519
5815567495
5817421960
58182981
5820021736
58221109
582364
58243886
582523994
5825500
58293136
5830292922
58309038
583351
5840869469
584102936
58438259
5845632178
584779577
585241
585408
5855739
58557995
585661939
5858217813
5858478657
58585990
5860967
586289085
586292
586939062
587023
58707749
587243
58729870
58732041
587778
587920
58796384
5879706
587979
588141895
5881919565
58823947
5882419493
5883553687
5883781107
588864
5891515529
589275
589589
589708913
590199314
590210
590241
5907196
5907215
590727010
59109573
5913449632
5916626012
5917553
591872837
5919791234
59200328
5920377
592070
5921475227
592298
5923665
592428654
592627
5928351767
593001
5930169
5930738340
593291
593346879
593404281
5935234517
5936037
59384418
593962666
594622397
5946308690
595032
59506825
595088904
5951840
59552832
59590607
59606066
59648676
596561804
596867802
59718894
597798415
597989
59821039
59821868
598237
598244
5984033144
59864496
598945656
599038
5993890346
59954473
6
60022163
6004898177
6005566463
60089898
600924
6009454
6009914796
6010167
601064
60113889
601225
601458664
601667290
6017975
601920662
602135
602138606
60220270
60243206
602600565
6027317751
6030727503
6031084
603122
6035613924
6040185180
6040606707
6041169
604304
6044337
6045222
6045254
605169408
605287
605488
60589900
605943000
6065286539
6066230
606705
606790
607307543
608014299
60841474
6084772
608563531
608669413
60871053
60900081
6092529
6094011898
609549612
6097113
610763
610950234
610973383
611070
611085
611124137
6111764920
6113626
61148439
611496
6115783931
61187658
6119162
612102
612147
6121866629
612186822
612213049
6122305
6123922227
61310194
6134055963
61358093
613723934
6137730596
6140058801
61411554
614297453
6147194797
6150603673
61509251
6152678694
615551725
615624
616105
6165968
6166977802
6168402
6169438
617225862
61748360
617698
6183171776
618467521
619308868
619412852
619462809
619671201
62043926
620742
621213721
6212451
621798178
621997005
6223725
622447674
622450677
623073
6232119
6235561
6236288892
6238239498
62399341
6245705
624859075
624988
62546231
6255119
625866
626104
626135755
626489773
6267949528
6270421260
627075
6271462
6279559
6287853
6292449199
6293767
629561
6297833528
629842532
629937
6300295
6301481
63043898
6304571765
630476
6307962
631125
631422
631472
6314760894
6315170
631557115
6317549
632113964
632217249
63241458
6326541
633026
633101
63385723
6344642354
6345404693
634556274
6347514128
635037
63514985
635218
6359575012
636462
6368224861
6368656686
6373507
63744745
637477517
6377873303
637847904
638096
638145860
63822240
6382226001
6387425
63874751
6388807
63909028
63917043
6393582443
6394672822
639929845
6401588369
640363950
64050762
641534
6416214
6420955
642346
6424161
642423459
6431082701
643988
644116408
644160959
644653899
645415
6461913079
64621922
6462408
646253500
646603842
6467780
64693142
6472260183
6473119
6477180171
647800118
64798574
648644
648730452
649105
6491628964
64921352
6495060
649583
649610
649721
649980006
6501256
650282349
650682183
650723
650853
650899
6510695
6513649
651586
6517830
6524079
6530336822
65311431
6531723
6532056
6534311419
654321
654321qwerty
6546590
6548939782
6549361673
65498149
656565
65705547
6571748260
657193261
657335
6585712243
658605869
6586158193
6590014668
659748
66
66038596
660680
660892
6609992271
6612668865
6615208030
661582
66176151
66183610
66196135
662317
662376138
662536390
662640
66275925
6628462403
663284
6633304
66411493
6643130749
664585503
6648967
6649794347
66502885
6652227
665235
66524576
6655293725
665634881
665843
665930774
6659691
666
66603644
66605350
6661167657
6661807347
666269514
666291
6663526
6665468
6666
66666
666666
6666666
66666666
666776
666777
666888
66698210
667332
667840
667869
6683945364
66845417
668847729
668968
669047
669232
66934134
6693541
669481
669769717
669820973
67044713
671385314
67141486
671508
6715879
67162690
671675372
6717590
6718417
671858
6718600037
6718997913
6723257103
67263611
6727081
6727308401
672875
673159125
673307932
673562209
674034367
6740903
67414734
6741546283
6745537
6745871118
674617346
6746687
6747238
674742
674845341
6748484863
6748615
674893
675133
675199804
6752403
675257030
675326793
67543018
675533989
675703
675743
675969
6760368
6761113310
676315
67638353
6764400
6764731
6766972
676767
67719020
677252
6773951
677408143
6775231071
67780517
6780607063
67851666
6787697
6792947
6793574601
680158
680169
680336
68040680
681372685
681556587
681735
6818218
681953
682151311
6826249
682633181
683196
683294965
683474600
68356606
6835788476
6836588957
68376567
684347358
68435305
684647
6859418716
686106
68615878
686159
686306
6864293
686603460
686722
686853
687262
687334
687475894
6877918979
6880502199
6888213376
6890403004
68921686
689233840
689391737
689621725
6896344783
6896527009
689935
6899898
69013437
690618617
6913154
6913984
69204199
6921618
69225112
69250029
6925360200
692551
69261554
692679
692955
6929906166
6930803080
69336461
693887558
6944218
6944524082
6945602
694675
69482505
69483230
694936
6950870
69515853
6953744068
69543613
6959967
6960095735
69604929
696168618
6962602529
696464998
696607
6967386
6969
6969594
696969
6974478
69746416
697499
6975446
69760029
6976122391
69782989
697843922
6980058
6982740
6985445
6986966774
698966
6991597
6998903078
6itch
6PISTOLS
7
70032124
7004002
7007
70094712
7010101
701230
701686297
7017631
701820843
7018398
7019226
70206289
702381
70242922
7032930
7034970
703635
703736471
7037941
703963746
7043583503
70471025
704731
70494083
7049945046
7050413
7055838
7058112050
706350
706720227
70688595
7070068369
7071116549
7071988420
7080740292
70876344
7087836616
708796782
708832470
70890154
709067481
709346363
709371
7094125
70947853
709530
70964422
709686
7098844313
70989334
710131
71028420
7105178204
710611
7108660
7110246401
7110468217
7111241818
71122971
711522881
711836
711954
71202919
71220335
712375752
712508
7126382763
71338506
7140013245
7141550000
71422531
71440618
714499
7154475467
715918986
7159840
7166713
7170673
7176487326
71821178
7182221
718293
7184174405
718460299
718532
7186646738
7187263764
71916648
7193317
719387681
7195084525
719541185
7198164097
7198913
7199703478
720196599
720339000
7207372676
721102596
721136
7213706
72157980
722297
7226498659
7227878498
722829167
72303420
72303897
723078208
7236554
7237946
724112
72411869
7242176
7246627
724734208
7248383129
7248763402
7250253
725092
725550
726287
7264479
7265577
72691739
7272503856
727289394
727335
727609
727878605
72802363
7280777241
7281510901
7281601623
72829505
728489
728725
729000160
729085
729219438
7297336
729740
729935
730305531
730576231
730635
73085402
730859
731306
7313212
73138815
7322972598
7324660
732613
732742462
73283661
73298291
733123
7340616
73407545
7341800
734399
73440924
7347674710
73487978
7352009
735328016
7354648
7355957895
73565660
7360255
736398210
7364884134
736526443
736782
7368057
736889
737179
737236507
73742097
737568894
7375801
73774474
738054
7383878
7384859
73883363
73944098
73958465
7396408959
7399287156
7401441
740629
7406644
74073489
74074942
7409448925
7412265
741331
7414977344
741574866
7415883505
7417003488
741852
7418999
742796197
742841019
7429694
74301074
743064840
7431730
74355893
7436476
74380836
7438832
744295952
744365970
74443558
7446316
7447183182
744822
7448735025
74533020
7455071980
7458745528
74599346
7460519
7465796
7465915179
747019809
747033108
74706879
74723659
747492900
747789024
747847
7479372891
7480332
748216
748708
74910400
7491089633
749410
750020266
7500455
7501376167
7501903591
75084066
75095520
7509784
751090
751153640
7513014124
75131878
751424777
751548
7516074
751722
7517574775
7520843
75213150
752217625
75244948
7524745755
753159
753369274
753607
75390918
754002001
7541166808
75426572
754361821
7549678
75500638
75564699
756163
7562996
756488
756516
756658801
7566614930
75690717
757437
757459678
757588635
757638
7582130248
75831405
75838913
7586253203
75923932
759628009
7598943
75993983
7602738
7603965212
760484
760527
760576515
7607515137
760825
7608569
7614134066
76141407
7614587
761564410
761773
761788126
761930
7620839425
7626868247
763115
763289376
763419
7634934173
763568031
76385658
7642763
7643393829
7644103
7644978182
7647115325
7648464
7649575544
765235
765338
7654321
7654321qwerty
7654781
765831966
7662720510
7665091652
7666020
7666198
7668914
766905031
766910
767093
7671761
7671961
767260
7675350
76754338
767676
76807873
76826303
7684532552
76852998
768583
76895241
768983603
76899359
7690952
7691604635
7692428389
7692807
7695077
7695330363
769605096
769684
769860
769868
7699453920
7699641
7699821
77
77034088
7705114
7705118052
77056576
770731
771208
7712279286
7719844724
772206
772985199
773109481
773119
773128
7731532
7732069
773327619
7733801
7734642
774082
774160628
774252743
7742743998
774557
7746890446
775554636
7757867
7758258
7758266646
7758521
775984056
775995
7760808690
77665947
7768857
777
777281263
777577
7776598
777666
7777
77777
777777
7777777
77777777
77784901
77796878
7779736
778023
77806128
778797
778826897
778990
7792183
77930435
77934969
779513957
779686463
779821
779833490
7801674377
7802267
780245
780247
7803506230
7804998
780578101
7809559889
7810547972
781070047
781563596
7817863
782162
782230214
7825405
78254963
782631938
782664
782747
783297
78358435
7837263
783988
783997
78405451
784115
78418719
78423912
7844306
7844683789
784512
7850593541
7851984899
785505013
78552426
7855832
786515676
78658773
786698770
786858
7870431033
787122730
787198
787551
787558329
7877106
787775
787878
78791437
7881671
7882008
7884146399
78876531
789321
789456
789456123
7894732
789535257
789633062
789654
78965664
7897781
7897984
789845
78990623
790030110
7901535
7904217040
7910762
79122361
7912712
7912994843
7913045
791438
7914674
7915001
7915833
7916239855
791868
792099808
792172
7926134939
792638781
792791
79280737
792862
793724
79373124
7943314
7943896751
794556
794613
79478055
7947910983
794825285
795014925
795295
795527
7961093
7965921726
79669479
797003
7970603864
79719656
7972195
7972400
797316430
79735549
7973652
79746058
797824654
7980314
798148811
798283617
79839263
79852194
7985413854
798712888
7987396068
79874760
7991762
7992438954
799362
7995556554
799639661
79976953
8
800822
80146696
80156017
8017016
80213493
802286880
8022996
80270400
80271248
80282344
802843539
8030721423
8030728630
803149791
803165
8034842
80375219
803920
8039801197
804003783
804080970
8042640
8044618
80476707
80486
8048963
8049983004
8050158791
8051480711
805766725
8062792
806322619
8068082
8068690
80687914
80728426
807393513
807415918
807918795
80828554
808916
8093104439
809343438
809833
8105009
810816
8113991
811751
8120057
81205495
8121229
812228897
81233625
8127569
813049
8130901672
813168
8134061
8134346
81350139
81351145
81393725
814017259
81403741
814038
814127
8142551701
814465
814758733
81484464
8151788
8152181526
815267
815424586
8155720747
81572983
8162622
81637902
81682460
8169379
8169499335
8175899
817695
8181051
81818421
8182325245
818367
8186900632
818802
818815
818833
8188399028
819044700
8196164829
8196514
819665
81989497
8200136859
8200313
8200688
8201066
8204457
8205772
8206866
8208424669
821204
821273
821690556
82235672
82260250
82273262
823004
823318934
82340848
823505
82390849
824125
8244036
8248113
82506561
82512985
8251565
8252624
8254854978
8255591
8260078230
8271806
8272339
8274290
827534763
827777707
827913
827941
828197
828388
8284520889
8285687607
8289943
829394
82961497
8296819929
8302614
830324
8303695023
830440167
83075400
8308763701
830953535
8309793
831521
83197610
83203841
832138991
832164605
83232019
832917580
833189
833237332
833295
833348
8334009
8334364
8334878678
833569
8337847
8338223
834150
834481
8347962
8348040119
8348413
834948300
835013769
835049398
83506399
83521757
8352368
835808
8358680
836385258
836431
8365404
836569
83690523
83701831
837108
83718914
83729356
8379567
8380989
838298
838522675
838524
83867403
839119810
83915532
8391832
8391852
83924264
839342061
8397319548
8397380
840130
84028798
840367
840654
8407539083
8408390941
8409676649
8412646048
8416130506
84203291
842497352
8427345
842740
84289011
8431860219
843189629
843810
843894507
84441747
844532819
844681729
8449473
84496025
8450862
845519
8456366
8458635
84589925
8461521
8461708
846268205
8463981546
846636351
8466638020
846858
8469705756
8471547876
8472637141
847494
8475766
847578
847622
84775470
847958
848110
848471
8485365074
8487572
849177019
849270073
849469
84965831
84978375
8499079200
8499498936
8502531253
8505735300
8506324
85112380
85114530
851285648
8517082274
851802440
8519606836
85203862
852157995
85232958
852360
8523809
852454468
8524761
8529484
853196
8534465
85347522
8540762
8541023
8544335640
8545973043
85464461
854744
854786
85531791
8561192208
856160967
8564398
8564625
85686078
8569002
85695897
857121031
8573904
85772849
85801875
858101149
8581973
8583891
8588380371
858879
8589309
8590601
8591270202
8592307
85932550
85955062
8595613775
859852
8599330116
859988
860772
86080891
861113
86127319
861345
8621073801
8621832238
862327
8626320943
8627178757
863144
863309863
8634831859
8635786
863986
86425731
8643787694
86450124
8652344082
86542514
865487870
8655940024
8656237
86614691
866165
866733545
86682349
86710982
8672434973
86726934
867397
867509232
8675309
8675511
8678632177
8679442
868153258
868571
868669503
8688001
86904124
8693078
869357657
869366253
86984312
869894180
86998432
870075413
8700981
870452715
871029359
871054
871083
871410
8724351401
8725332
87285237
8733921192
87375613
873810
8738133
873879090
873993366
87404847
87426814
874389341
874790043
87480475
8753963135
875775859
87580881
87580902
875934
87602213
876208
876225874
8764763
87654321
87654321qwerty
8766433556
877171
87763964
8778096052
87795655
878055
8785103
8786853240
878762871
87876655
87878
878787
87937239
879742
88
8802157034
880473350
88055781
8805713
8806243
88078385
880856473
8809965
8810190500
8811616
8812365
881508
8817541275
882167
88228491
8825110665
882692700
882699513
882785
882812
882955
8841930
884300036
884450
8845797
884672
885007273
8850834
8851095918
885142738
88571950
88618109
886236
88647557
8865124777
8865664
886762916
886879
8874793425
8876292600
887731
888
8880714
888178044
8882100
8885436
888621
8886521767
8888
8888064
88884709
88888
888888
8888888
88888888
888999
8892556
890058916
89076712
890880
890987
891049965
891289
891470715
8915747242
891948
8921709
892268
89242636
8925068
892527405
892654
89281466
8932480
893600
894247
894626
895134
895174
8951970282
8954511
8954756
895623
896307487
8964639
896568
896772317
8971071
8973119326
897645807
897991
89825617
8984042
8985017384
898989
899168680
9
900252
90026838
900540782
9010635211
9011696708
90162216
90177629
90210
9023244
9025776
9029716
903176
903201
9032655417
90348652
9036063
903887373
9041215941
904534
904695
9046964494
9049553
9050025342
9051791
905438
905479
90577149
9059407
9060425
906149740
9062229
90646716
90667060
906728731
906804282
906920041
90699422
9073743510
907474106
9077296896
90805136
9080975037
90827020
908326
908826
90904494
90908968
909090
909416189
909659159
9096929
9099250
909974536
910024422
9103456819
9104590320
9105342
910576
910856
911
911253
9116601
91167670
911911
9120894774
9124068722
9124154
91247268
9125379
912581022
9126591152
912688
912803089
91281064
912903
913046660
9134339354
913479312
9135071393
913561565
913735
91379961
9149746786
9160714706
916114199
9162097121
9164020
9164034068
916428
916587
9166469
9166715
916811626
916930
917068
917083
917152593
9171733
9175387225
9176921
9178676
91801397
9180844
918273645
918431663
9186434
9187620787
91898709
91911091
91917347
919257
919458
919764167
91999096
920311184
920673584
92072
9210204028
921152
9213229124
92132473
92163725
9220948
9228028
922843
9228798751
922950
9233874084
92361640
92368259
9242983
92436821
9245852
924722
9248241
92498782
924995
9252656
9253491906
9257911
9263189014
9267901204
927169528
927570322
9276506770
928044
9282917
9283157
928361
928401042
928453003
929142
92940614
929452757
9294545501
929556587
9297056600
9298257197
9303817
9305796792
93138174
93163004
93174872
931982
9322661
932274750
93244560
9327871
9328099
9329879287
933062
93306433
93306592
9331557
93360809
934174979
934308
934361
934408
934475
934877369
9349870946
935075210
9353647742
9353931
935512122
9363781
9364555834
936516
93672355
9367734
9372169455
9374173
937462170
9375885
9377486192
9377620
938196
9382458
9382877689
93839499
938598649
9387919496
938814
9389402
9389469574
938964
9390188
940485
9405515
9405665
9407889
9408421363
9410132
9412622
9415218
9415473
9419407412
941941667
94217594
94228790
942404055
942630848
943062781
94313979
94318476
9432233
943241324
9438721
943882
944003
9441128
9443206373
94468876
94474417
9447459153
944912652
944998
9451596
94517835
945374
9455950
945873599
9461900224
946238
9462791
9470533545
947067924
9471386360
9472013
94738481
947966378
948000870
948220
948359382
948464
948813
949392
9494180310
9506901480
9507229
95094081
95096676
951137
95165071
9516768
952920245
9532491
953511928
95363656
9539437
9544043587
954609725
9549144
9552444
9556267
9558345084
95585533
9560187
9560865
9563799349
956557
95691638
9571403
95715837
957424028
957940885
958105597
9581790
9583474
9583704
95859424
958819
958916203
9589442
959379
959751
9598209839
9602075933
9604999
960628
960834
9609437
961876250
961915269
962263
9622669821
962665
9627417
962767
962797
963175296
963395
963422
963515
963943552
96453495
964541
9648068
9648442290
9652168939
9653285867
96583775
96600264
9660134
966029705
9661243735
966294706
966362021
9668007
96700728
9670594348
967073030
9672443752
9678560539
968574
9685964071
96921148
96923177
96968181
969684101
969954
969954469
970030351
9700678126
9702069
970424932
97099581
9710424725
9710912327
971163
971917017
9719777729
9720740390
972194200
9722087
9725075154
97252002
9727313
9730931351
973380780
9734469
9736904893
9737372318
973957254
97399691
97411065
974264
974640
9753417751
97543256
975492830
975657
97579873
975803539
97584675
976094
9762250
9762528
9764076203
97648734
976576805
976807014
9768792009
9773022
9774031771
977474
9778093
978084
9784024
979266925
979453
979495
979527037
979681018
979770164
9799926
980015
9800371460
98022036
980279097
9803986892
980803
981029
981153
981365
9815044918
98180249
981821027
982085
9822413577
9824387
9824777
982704359
98286275
983304648
9836447175
9838827747
98393936
9840425
984238
984247030
984439773
984915
9850262
985550137
98574287
9861048
9861142227
986219
986425207
9864314471
9873704767
987393
9874532745
987456
987654
987654321
987654321qwerty
98768402
98787573
98789785
987898
98802007
98818196
9883755328
988420
9884500
98845565
9884781406
9887112718
9887649558
98924103
989280909
9895040956
989571013
9898651407
9898956
989898
989912690
989927745
99
99002530
990164291
990245
990347
99068934
990751
9914096477
9924280
992865
99326701
993289537
9934297236
9941021233
99460075
99484894
99485470
995478118
9959194260
99600850
99613524
996187
996204
996566
9966717633
9969743
9976204484
9977661
99780378
9979364
99808066
9984889197
9986875836
9987642
998783719
999
999435
9995674187
9996433
99985541
9999
99999
999999
9999999
99999999
999999999
a
a&m
a&p
a_admin
a12345
a1b2c3
a1b2c3d4
aa
aaa
AAAAAA
aaaaaaaa
aaron
abby
abc
abc123
abcd
abcd1234
abcde
Abcdef
Abcdefg
abigail
about
absolut
abyss
accept
access
account
accounts
ACHTUNG
ACIDBURN
ACT_INFO
Action
active
acura
ad
adam
adg
adidas
adm
adm1n
adm1n1strator
adm1nistrator
admin
admin!
admin_id
admin_login
admin_name
admin_pass
admin_passwd
admin_password
admin_psw
admin_pwd
admin_user
admin_userid
admin_userinfo
admin_username
admin1
admin12
admin123
admin123456
adminadmin
adminemail
adminid
administrat0r
Administrateur
administrator
administrator_name
administrator1
administrator123
administrators
adminlogin
adminmail
adminname
adminpass
adminpassword
adminpaw
adminpsw
adminpwd
adminroot
admins
adminserver
adminservers
AdminUID
adminupass
adminuser
adminuserid
adminusername
admpro
admsuper
adress
adrian
advil
aeh
AGAINST
Aggies
agresive
aid
Aide
Aikman
aim
aimuin
Airhead
akrmaz
alaska
albert
ALERT
alex
alex1
alexande
alexandr
alexis
alf
alfred
alice
Alicia
ALIEN
aliens
alison
allen
allison
allo
allyson
alpha
alpha1
alpine
alt
alt+0160
altctrl
ALTENTER
Alyssa
Amanda
amanda1
amber
amelie
America
america7
amfibia
Amiga
amour
amsterdam
amy
analsex
analshit
ANARCHY
anderson
andre
andrea
andrew
andy
ANGEL
angela
Angela1
angels
angie
angle
angus
Animal
Animals
anna
anne
annie
anon
anonymous
anthony
antivirus
anyone
anyway
AOL
AOL123
APACHE
apollo
apollo13
apple
apple1
Apples
april
apwd
aqswdefr
aqwert
archie
Arctic
aretnap
ariane
ariel
arizona
Art
ARTEFACT
arthur
article
ArticleID
artist
as
a's
asd
ASDAS
asdasd
asdcxz
asdeasd
ASDF
asdfasdf
asdffdsa
asdfg
asdfgh
asdfghjk
asdfghjkl
asdfjkl
asdfjkl;
asdzxc
ase4ka
ASECHKA
asembler
ashley
aspen
ass
asshole
asss
asterix
astrix
asus
atan
ath
athena
attila
audi
August
auid
austin
Author
AUTO
AUTOMOTO
Autor
autumn
avalon
avatar
Avital
avrets
AWARD
AWAY
Awesome
axszdvfc
Aylet
aylmer
azerty
azsxdcfv
Babies
baby
babylon5
bach
backup
backupexec
BAD
Badboy
badger
bailey
Balls
bamboo
banana
Bananas
banane
bandit
baran
baran123
barbara
Barbie
barby
barclay
Barney
barry
base
Basebal
baseball
baseball1
basf
basic
basil
Basket
Basketb
basketba
Bastard
BATMAN
BATNAN
battle
BBS
beagle
Beaner
beanie
bear
bears
beatles
beautifu
beauty
beaver
Beavis
beer
beetle
belle
benjamin
benny
benoit
benson
bermud
bernard
bernie
bertha
besadmin
beta
bethoven
betty
beware
bfi
bible
BigBird
bigboy
bigdog
Bigfoot
bigmac
bigman
BIGMUZZY
bigred
bilbo
bill
BILLGATE
billy
bing
bingo
binky
Biology
bird
bird33
birdie
bitch
bitch@
bitch1
bitch123
biteme
black
Blackie
BLACKMAN
blasphem
Blaster
Blazer
blink182
blizzard
blog
blonde
Blondie
blowfish
Blowme
bluddy
blue
bluebird
bluesky
BMW
bob
bobby
bobcat
BON_JOVI
bond007
Boner
bonjour
BONJOVI
bonnie
bonus
booboo
booger
boogie
book
Bookit
boomer
booster
boots
bootsie
boris
boss
boston
Bowling
boy
bozo
bradley
brain
Brandi
brandon
brandy
Brasil
Braves
Brazil
brenda
brewster
brian
bridge
bridges
bright
brithney
britney
brittney
Broncos
brooke
brooklin
brown
brown1
Browns
bruce
brutus
Bubba
bubba1
Bubbles
buck
Buddha
buddy
Buffalo
buffy
bugsbunn
buh
bulat
buldog
bull
bulldog
bullet
bullshit
bunny
burewar
burger
business
buster
butch
butcher
butler
butthead
Button
Buttons
buzz
byteme
C
c#
c++
C0L0RaD0
cactus
caesar
caitlin
calgary
californ
calvin
camaro
camera
campbell
camping
canada
canced
Cancer
candy
candyman
canela
canibal
cannibal
cannon
cannonda
canon
captain
cardinal
carl
Carlos
carmen
carol
carole
carolina
caroline
Carrie
cartoon
cascade
casey
casino
Casio
Casper
Cassie
castle
castrat
cat
CAT&DOG
catalog
CatdoG
catfish
cats
catwoman
CAUTION
cc_number
cc_owner
cccccc
CDE
cedic
celeron
celica
celine
Celtics
cemetery
Center
cesar
cfg
cfi
cfj
cgj
chairman
challeng
champion
Champs
chance
CHANEL
changeme
CHANNEL
chaos
chapman
charity
charles
charlie
charlie1
charlott
chat
cheese
chelsea
CHELSIA
chemist
chemistry
cherry
Cheryl
Chester
chester1
Chevy
Chevy1
Chicago
chicken
chico
chief
Chiefs
child
china
chip
Chipper
chiquita
chloe
chocolat
Chris
chris1
Chrissy
Christ
christia
christin
Christop
christy
chuck
Chucky
church
cid
cinder
Cindi
cindy
CISCO
cisco12
city
CIVILIAN
claire
clancy
clark
clas1999
class
classroo
claude
claudia
Cleaner
CLEVER
CLEVERMAN
client
clientname
clientpassword
clients
clientusername
clint
clipper
clock
cloclo
Clover
clubconfig
CMD
cms_admin
cms_admins
cms_user
cms_users
cobra
cocacola
coco
codes
coffee
coke
colleen
college
COLORADO
coltrane
COLUMB
columbia
COLUMBUS
com
combrik
COMMAND
comp
company
Compaq
compton
Compute
computer
concept
condom
conf
config
connect
conner
connie
conrad
console
Contact
content
contenu
control
controle
converge_pass_hash
converge_pass_salt
Converse
cookie
cookies
cool
cooladmin
Coolman
Cooper
copernic
copper
corona
corrado
corwin
COSMOS
cougar
cougars
counter
counterstrike
Country
COURAGE
courtney
Cowboy
Cowboys
coyote
CR@SH
crack
Cracker
craig
crapp
CRASH
crawford
crazyman
crazymen
CREATION
creative
cricket
crow
crown
cruise
cry
crystal
cs
CTRALTDL
ctrlalt
cuba
cuddles
CuFa
cunning
CUNT
curtis
customer
customers
customers_password
cutie
cwsiadmin
CXZ
cxzasd
cxzcxz
cxzdsaewq
cyber
cybernet
CYBORG
cyclone
cynthia
cyrano
daddy
daisy
Dakota
Dallas
dan
dance
dancer
danger
daniel
danielle
danny
darren
darwin
dasha
data
database
datacenter
dave
david
david1
davinchi
dawn
daytek
db_hostname
db_password
db_username
dbadmins
dda
dead
deadhead
dean
Death
debbie
debbuger
december
dedicated
deedee
default
Defense
DEICIDE
dekart
delete
deliver
DELTA
demo
denali
Denise
denmark
dennis
denny
Denver
DEPECHE
depurple
derek
design
designer
detroit
deutsch
Devil
devry
Dexter
dfcvxv
dgj
diablo
diamond
diana
diane
dic
dickhead
Digger
digital
digital1
dilbert
dinozavr
DINOZAVT
dioretsa
direct1
director
dirk
disney
dixie
DM
doc
doctor
dodger
dodgers
dog
DOG&CAT
dogbert
Doggie
Doggy
dollar
dollars
Dolphin
dolphins
domain
dominic
domino
don
donald
donkey
donna
Doobie
doogie
dookie
doom
doom2
doom3
dorothy
dos
doug
dougie
douglas
dove
download
dr0wp@$$
dr0wp@ss
drad
dragon
dragon1
dragonfl
drakula
dratsab
Dream
dreamer
Dreams
Drizzt
dron
drowpa$$
DROWPASS
DROWSSAP
DRUID
Drums
DSA
dsadsa
duck
duckie
dude
duke
dundee
dura
Dustin
dusty
dvd
dw
Dwight
dylan
DYNAMIC
e
e_mail
e3w2q1
eagle
eagle1
Eagles
earth
easter
eastwest
Eatme
eblan
eclipse
EDC
edcxsw
eddie
EdomdoG
edonkey
edward
eee
eeyore
einstein
Elaine
electric
ELECTRO
elena
elephant
elfalg
ELITE
elizabet
ellen
elliot
elsie
elvis
Elwood
email
E-mail
emailaddress
emerpus
emily
eminem
Emmitt
end
energy
engineer
enigma
enjoy
Enter
ENTRANCE
entropy
ererertt
eric
esc
escape
Espanol
esrevinu
ETERNITY
etoile
eugene
europe
Event
everyday
evil
evilmind
evol+xes
evolxes
ewq
ewqewq
excalibu
Except
EXORCIST
exploit
explorer
export
express
eXtremal
eXtreme
f@ntom@s
f00tb@ll
f00tball
f1f2f3f4
f1ref0x
f1refox
fack
factory
faith
fake
falcon
family
fantom
fantomas
Farmer
Farming
fart
FAT32
fate
fatefull
father
FDSA
fdsafdsa
fdsarewq
february
feed
feedback
felix
Fender
FERRARI
ferret
fever
ffffff
ffokcuf
fgh
fi$her
fiction
fiend
filosofy
fiona
fire
fireball
firebird
firefox
fireman
FIREWALL
first
fish
fish1
fisher
Fishing
flamingo
flash
FLATRON
fletch
fletcher
FLIGHT
flip
Flipper
Florida
Flower
flowers
floyd
Fluffy
Flyers
flym0de
flymode
foobar
fool
Footbal
football
football1
forall
ford
forest
forineli
format
format C
format_c
FORMATC
FORMATC:
formula1
formula2
formula3
FORTUNE
Forward
fountain
fox
foxtrot
fozzie
france
francis
francois
frank
Frankie
franklin
freak1
fred
freddy
frederic
FREEDOM
french1
friday
FRIDAY13
friend
Friends
frodo
frog
frog1
Froggy
frogs
front242
Frosty
ftp
Fubar
fuck
fuck_off
fucker
fuckme
fuckoff
fuck-off
fuckyou
fuck-you
fugazi
fun
future
g0dm0de
gabriel
gabriell
gaby
galaxy
galileo
gama
Gambit
games
gamma
gandalf
GARBAGE
garden
garfield
garlic
garnet
Garrett
gary
gasman
gateway
gator
Gemini
general
genesis
genetic
genezis
genius
George
georgia
gerald
German
gfgdfgdfg
gfhjkm
ghghgh
ghost
giants
gibson
gid
gilles
gineks
ginex
Ginger
girl777
GIVEALL
gizmo
gl
glenn
glmm
GLOBAL
GLOBUS
gly
go
go2fuck
Goalie
goat
GOBLIN
goblue
gocougs
god
GoddoG
Godmode
godzilla
gofish
goforit
Gold
Golden
Goldie
golf
Golfer
Golfing
gone
goober
good
GOODWISH
goofy
Google
gooood
Gopher
Gordon
gott
grace
Grandma
grant
graphic
grateful
gray
graymail
green
greenday
greg
gregory
gretchen
gretzky
grey
Griffey
grinch
Groovy
ground
group
grover
grumpy
guanli
guanliyuan
guess
guest
guido
guinness
Guitar
gun
Gunner
Gymnast
h_admin
h2opolo
hack
hacker
hal9000
hammer
Hamster
hanna
hannah
hansolo
Hanson
happy
happy1
happyday
harley
harold
harrison
harry
Harvey
hash
Hatton
Hawaii
hawk
Hawkeye
hazel
hctib123
hctib321
health
heart
Hearts
Heather
heaven
hector
heidi
helen
hell
hello
hello1
help
Helpme
hemmelig
Hendrix
henry
herbert
herman
hermes
Hershey
hiew
history
hitch
Hobbit
Hockey
Hockey1
hola
hole
holland
holly
home
homebrew
Homer
Honda
Honda1
honey
hoops
hootie
hope
horizon
hornet
Hornets
horse
horses
host
Hotdog
HOTMAIL
Hotrod
house
houston
howard
hp
huiznaet
hunter
Hunting
husband
Huskers
hybrid
I_am
iam
ib6ub9
ibiza
ibm
ice
icecream
ICECUBE
Iceman
icq
icqpass
id
id_member
idiot
iguana
il0vey0u
ilikeaol
iloveaol
iloveyou
iloveyou1
image
images
imagine
immortal
impala
impotent
index
indian
indiana
indigo
info
informix
insane
inside
install
Intel
inter
intern
Internet
intrepid
invalid
INVISIBL
invizibl
iof314
iolo
ip
irarref
ireland
irene
irina
irish
ironman
isaac
isabelle
isadmin
isis
island
israel
italia
italy
ivanov
Jack
jackie
JACKSON
jacky
jacob
Jaeger
jaguar
jake
jamaica
james
james1
jan
jane
janet
janice
January
japan
jared
jasmin
jasmine
jason
jason1
jasper
JAYSON
jazz
jean
jeanette
jeanne
jeff
jeffrey
jenifer
jenni
jennifer
jenny
jenny1
jensen
JEREMY
jerome
jeromy
jerry
Jessica
Jessie
Jester
jesus
jesus1
jewels
jim
Jimbo
Jimbob
jkjhkhjkh
jkm
joanna
Joe
joel
joey
johan
john
john316
Johnny
Johnson
jojo
JOKER
jonathan
Jordan
jordan23
joseph
josh
joshua
josie
jr
JSBach
judith
judy
juice
julia
julian
julie
julie1
julius
july
june
Junebug
junior
jupiter
justice
Justin
justin1
JUVENTUS
KAHT2
karen
KASPER
katherin
kathleen
Kathryn
kathy
katie
Kayla
keith
kelly
kelly1
kelsey
kennedy
kenneth
kent
kermit
kevin
kevin1
key
keys
keywords
khan
kids
kilemall
killem0l
KILLEMOL
Killer
killer66
Killme
kim
kimberly
Kinder
king
kingdom
kingfish
KITANA
Kitten
kitten12
Kittens
kitty
klas1999
kleenex
knicks
knight
Knights
koala
koko
Kombat
kona
kopernik
kordi
korn
kramer
KRAZY
kristen
Kristi
kristin
Kristy
krovatka
kroywen
Krystal
labtec
labtec 
lacrosse
laddie
lady
ladybug
lake
Lakers
Lakota
lalala
lame
lamer
laptop
larry
larry1
Larson
Laser
last_login
lastname
laura
lauren
laurie
law
lazy
ledzep
lee
legend
lektor
lemon
Lennon
leo
leon
leonard
Leslie
lestat
letmein
Letter
LEXICON
liberty
Library
Light
LILO
lincoln
linda
Lindsay
Lindsey
linkin
linkinpark
linux
LINUXOID
lion
lionking
Lisa
lite
Little
liverpoo
liverpool1
liz
lizard
ljf
lkjhgfdsa
llawerif
lloyd
LocalAdministrator
LOCHNESS
lock
lockout
log
logan
logic
logical
login
login_admin
login_name
login_pass
login_passwd
login_password
login_pw
login_pwd
login_user
login_username
logini
loginkey
logins
logitech
logo
logon
logs
lol
LOL:
lol123
london
LONGHORN
Looney
lorraine
loser
lostmind
louis
louise
love
lovely
loveme
Lover
loveyou
lucas
LUCKY
lucky1
LUCKY123
lucy
lulu
LUNATICK
lynn
m@$ter
m@ster
m_admin
M0tH3ro0
mac
macafee
macha
macintos
Maddock
Maddog
maddy
madison
madman
MADONNA
madrid
maerd
maggie
magic
magician
magnum
mail
mailer
mailman
main
maincomputer
majestic
major
majordom
malcolm
Malibu
mama
MAMONT
man
manage
manager
manman
mano
manson
mantra
maps
maracle
maradona
marc
marcel
march
marcus
margaret
maria
mariah
marie
marilyn
marina
marine
marines
Marino
mario
mariposa
Mark
market
marlboro
marley
mars
mars1
Marshal
Martha
martin
martin1
martini
marty
Marvin
mary
maryjane
MASACRE
master
master1
Masters
math
matix
MATRIX
matt
matthew
maurice
Maveric
maverick
max
maxime
MAXPAYNE
maxwell
may
mayday
MAZAFAKA
mazda1
mb_users
mcafee
md5hash
me
media
medical
megabit
megadeth
megalol
megan
melanie
Melissa
mem_login
mem_pass
mem_passwd
mem_password
mem_pwd
member
member_id
member_login_key
member_name
memberid
memberlist
membername
members
memlogin
memory
mempassword
memphis
meow
MERCEDES
mercury
meren
merge
merlin
mes
METAFORA
metal
METALIKA
metallic
metropol
MEVERICK
MEXICO
michael
michael.
michel
michele
MICHELIN
Michell
michelle
Mickey
micro
micron
micros
microsoft
midnight
midori
mifesto
mighty
mikael
Mike
mike1
mike123
mikey
miki
miles
Miller
millie
million
mima
mimi
mindy
mine
Minnie
minou
MIR@ND@
MIR@nda
MIRABLIS
mirage
MIRANDA
miranda1
miranda2
miranda3
mirror
misha
mishka
mission
missy
MISTIC
mistica
MISTY
mitch
mitchell
MITNYK
Mittens
mm
mnbvcxz
MOBMAN
modem
MODERN
modified
molesto
molly
molly1
molson
mom
monday
monet
money
money1
Monica
monique
monkey
monkey1
monopoly
MONSTER
montana
montreal
moocow
mookie
moomoo
moon
moonson
moose
MORBID
morgan
moroni
morris
mortal
mortimer
mother
MOTOR
motorola
MOUNT
mountain
mouse
mouse1
movie
mozart
mozilla
mpassword
msg
msn
mudak
mudofil
MUDVIN
muffin
murphy
musername
music
MUSTANG
MUSTDIE
mutation
MUZZY
my_email
my_name
my_password
my_username
mybb_users
mycomputer
myhome
myicq#
MYICQ#IS
MYICQ
MYICQIS
MYICQUIN
myname
mypass
mypassword
myserver
myspace1
mysql
mysql.user
mystic
mystica
myusername
MYZTIC
N/A
n@p0le0n
n@poleon
name
names
nancy
naomi
NAPOLEON
narciss
nascar
nat
natasha
Nathan
NATURE
nautica
nazareth
nc
ncc1701
ncc1701d
ncc1701e
ne1469
nebraska
nec
nechto
neil
nellie
nelson
nemesis
nemezida
nemezis
neo
neon
nesbitt
net
netware
network
Networkp4ss
new
newbie
newcourt
newpass
news
newsid
newton
newuser
newyork
newyork 
nguyen
nicarao
niceday
nicholas
nick
nicol
Nicole
nigga
nike
niki
nikita
nikita1997
nikita97
nikitka
nikitka97
niko
nimrod
niners
nipper
Nirvana
nirvana1
nissan
nite
NITEBIRD
NITROGEN
niudekcah
no
nodnol
nofear
noir
nokia
none
nopas
nopass
nopassw
nopassword
nopwd
norman
NORRIS
norton
notabene
note
NOTEBENE
nothing
notused
november
nss
nt
NTFS
NTLOADER
NTOSKRNL
nugget
number
Number1
number9
Numer
NUMLOCK
nummer
nurse
NVIDIA
oatmeal
obiwan
OCCUPIED
October
odasc
office
ohmygod
oldman
oligarch
olive
oliver
olivia
olivier
olly
ololol
olololo
olson
omal
one
ONLINE
opel
open
opus
orange
oranges
orbit
orbita
orbital
orchid
order
orgazm
ORION
Orlando
ornament
ornery
oscar
oslo
ou812
outbrake
outlook
OUTPOST
oven
OVERCLOK
OVERRIDE
oxford
p
p@$$vord
p@$$w0rd
P@$$WORD
P@$VVORD
P@NTER@
p@ntera
P@SS
P@ssw0rd
P@SSWORD
p@svord
P@SVVORD
p_assword
p_word
pa$$1234
pa$$vord
pa$$word
Pacers
pacific
packard
Packer
Packers
padonok
paganini
painter
Paladin
pallmall
pamela
panda
pandora
pantera
Panther
papa
paradise
paris
parker
parrot
pascal
pass
pass_hash
pass_w
pass_word
pass123
pass1234
pass1word
passe
passer
passion
passvord
passw
passw0rd
Passw0rd1
passwd
Passwor
password
Password1
password12
password123
passwords
Passwort
passwrd
pat
Patches
patricia
patrick
paul
paula
PAYNE
pc
pe_aduser
pe_user
peace
Peaches
peanut
pearl
pearljam
Pebbles
pedofil
pedro
peewee
peggy
pele
penelope
penguin
penny
pentium
People
peppe
pepper
pepsi
per$0n@l
per$0nal
per$on@l
per$onal
percy
perry
person@l
personal
pete
peter
petey
Petunia
ph@nt0m
ph@ntom
ph4nt0m
ph4ntom
phantom
phil
philip
Phillip
philosof
phish
phoenix
phoenix1
phone
photo
php
phpadmin
phpmyadmin.pma_table_info
piano
Picard
picasso
pickle
picture
pidar
pidaras
pidarast
pierce
pierre
piglet
pimp
pinkfloy
pirate
pisces
pistaec
pizza
planet
plato
PLATON
play
playboy
player
players
please
pluto
pma_table_info
pmc
poiuyt
poiuytrewq
Polaris
police
politics
polo
pomme
pony
pooh
poohbear
pookie
pookie1
popcorn
popeye
porno
Porsche
porsche9
porter
portland
pos
power
powerman
powers
ppp
praise
PREDATOR
president
PRESSURE
preston
prince
princess
princess1
prist
procesor
PRODIGY
PRODIGY!
prof
project
promethe
property
propu$k
propusk
protel
psalms
psw
pswd
psycho
pub
public
Puckett
Puma
pumpkin
punk
punkin
Puppies
puppy
puppy123
Purple
pussy
PUSSYCAT
pusy
pw
pwd
pwd1
pwds
pword
pwrd
Pyramid
python
q
q1w2
q1w2e
q1w2e3
q1w2e3e4
q1w2e3r
q1w2e3r4
q1w2e3r4t
q1w2e3r4t5
q1w2e3r4t5y
q1w2e3r4t5y6
q1w2Q!W@
q3rulez
qawsedrf
qaz
qazedc
qazqaz
qazwsx
qazwsx123
qazwsxed
qazwsxedc
qazxsw
qazxswedc
qazxswedcvfr
qazzaq
qcinigol
qciretsam
QIP
qip1
QIP123
qip12345
qip2
qiwi
qq
qqq
qqqqqq
qqqqqqqq
qqw
qsawefdr
qscgyj
quake
quake3
quake4
quality
quebec
queen
quest
qw1234er
qwaszx
qwe
qwe123
qwe12345
qwe123456
qwe228
qwe321
qwe456
qweasd
qweasdzxc
qwedsa
qwedsazxc
qweqwe
qwer
qwer123
qwer1234
qwerasdf
qwerfv
QwerS
qwert
qwert1
qwert12
qwert123
qwert1234
qwert12345
qwert123456
qwert1234567
qwert12345678
qwert123456789
qwerty
QWERTY!
qwerty0
qwerty00
qwerty01
qwerty012
qwerty0123
qwerty01234
qwerty012345
qwerty0123456
qwerty01234567
qwerty012345678
qwerty0123456789
qwerty012345678910
qwerty1
qwerty11
qwerty12
qwerty123
qwerty1234
qwerty12345
qwerty123456
qwerty1234567
qwerty12345678
qwerty123456789
qwerty12345678910
qwerty1981
qwerty1990
qwerty1992
qwerty2011
qwerty2012
qwerty21
qwerty22
qwerty321
qwerty33
qwerty4321
qwerty44
qwerty54321
qwerty55
qwerty654321
qwerty66
qwerty666
qwerty7654321
qwerty77
qwerty87654321
qwerty88
qwerty987654321
qwerty99
qwertyasdf
qwertyasdfg
qwertyqwerty
qwertyu
qwertyu1
qwertyui
qwertyuiop
qwertyy
qwertyytrewq
QwerUQwerU
qwiqwe
qzwxecrv
R.GILL
r00t
Rabbit
racerx
rachel
Racing
racoon
radio
rafae
rafael
ragus
Raider
Raiders
rain
rainbow
Raistlin
rambo
rambo1
RAMSTEIN
random
ran-dom
randy
ranger
rap
raptor
raquel
rascal
Rasta
rastaman
raven
raymond
Reader
Reading
reality
rebecca
Rebels
rebmem
reckah123
reckah321
red
reddog
redface
redrum
Redskin
redwing
Reebok
Reefer
reg_user
reg_users
Reggie
REGISTER
reguser
regusers
rekax123
rekax321
remal
remal321
remember
remote
renee
renegade
republic
research
RESET
Retard
retsam
retupmoc
reverse
revoemag
REWQ
REX
reynolds
reznor
rgill
Rhonda
rich
richard
richman
ricky
Ripper
river
roar
robbie
Robert
robert1
robin
ROBINGUD
robinhoo
robotech
rock
rocket
rocky
Rodman
roger
roman
ronald
ronaldo
rony
Rooster
root
roots
Roping
rose
rosebud
roses
Rosie
rotfront
router
rover
rovercar
roxy
ROY
royal
Royals
ruby
rudy
rufus
rugby
Rumba
RUNDLL32
Runner
running
rus
russ123
Russel
Russell
rusty
ruth
rux
ruy
ryan
s@b@k@
s@d@m@z@
s@pretne
sab@k@
sabak@
sabrina
sacret
SADAMAZA
sadie
SADIST
sadistic
safety
sagevsal
sailing
sailor
sales
sally
salmon
salut
sam
samantha
Sammie
sammy
Sampler
sampson
samson
samson 
samsung
samuel
Sanders
sandra
sandy
Sango
sanjose1
santa
sapphire
sapretne
sara
sarah
Sarah1
sartir
sasha
saskia
sassy
SATAN666
SATANA
SATANIC
saturday
saturn
savage
sb_admin_name
sb_pwd
sbdc
scarlet
Scarlett
schleker
School
SCHWARZ
Science
Scooby
SCOOTER
scooter1
scorpio
SCORPION
scotch
scott
Scotty
scout
scream
screen
screen10
scrible
script
SCROLL
scruffy
scuba
scuba1
SCUM
sdfcvxv
seagal
seaman
sean
search
seattle
secret
secret12
secrets
security
segment
semantec
Sendit
Senior
sentenced
septembe
septic
serega
sergei
sergey
serv
server
service
services
servpass
session
sesskey
setting
settings
setup
seven
seven7
sex
sex+love
sexsex
sexy
sexybabe
sfactory
shadow
shadow 
shadow1
Shadows
SHAKUR
shalom
shannon
shanti
shark
sharon
sharona
shawn
sheba
sheena
sheila
shelby
shelley
Shelly
sher
sherry
shet
shift
SHIFTALT
Shirley
shit
Shithead
shleker
shoes
shogun
Shooter
Shorty
Shotgun
shumaher
shveden
shvine
sick
sid
Sidney
sidor
sidorov
siemens
SIERRA
sigma
silence
silver
simba
simon
simple
singer
SINISTER
sirap
sissy
site_login
site_logins
SITELOGIN
sitelogins
Skater
skeeter
Skidoo
skiing
Skinny
SKIPPER
skippy
sklad
slacker
Slayer
slipknot1
slut
SM@RT
SMART
smashing
smile
smiles
Smiley
smiths
smoke
Smokey
snake
snapple
Snicker
snickers
sniper
snoopdog
Snoopy
snow
Snowbal
snowball
snowman
snuffy
Soccer
soccer1
softball
SOLDIER
soleil
solemn
somsoc
sonbitch
Sonics
sonny
sonof
sophie
space
spacer
spain
spam
spammer
Spanish
Spanky
Sparky
sparrow
SPARTAK
special
Speech
speed
speedo
Speedy
spencer
SPIDER
SPIDERMAN
spike
Spirit
spitfire
spooky
sport
sporting
Sports
spring
sprite
SPRUT
Spunky
sql
Squirt
Ss
ssssss
ssw0rd
Stacey
staford
STALIN
stallone
stalone
stan
stanley
star
star69
stargate
start
starter
startrek
Starwars
STATIC
station
status
stealth
steaven
steele
steelers
stefan
stella
steph
stephani
stephen
sterva
Steve
steven
stever
sticq
stimpy
sting1
stingray
stinky
Stocker
stone
stop
store
STORM
stormy
strat
strawber
strelez
Strider
strike
ststic
stuart
student
Studly
stupid
Subjects
SUBSEVEN
success
sucks
sugar
suka
sukinsin
summer
sun
sunbird
sundance
sunday
sunflowe
sunny
sunny1
SUNRISE
sunset
Sunshin
sunshine
super
superadm
superman
superman1
Superuser
suport
support
support1
support2
support3
supra
supreme
surf
Surfer
SURPRISE
susan
suzanne
suzuki
suzy
SVCHOST
sweamer
sweetie
sweetpea
Sweets
sweety
Swimmer
swimming
sydney
sylvia
sylvie
symantec
symbol
sys
sysadmin
sysadmins
sysconstraints
syssegments
System
system32
systime
sysuser
sysusers
T1GER
table
tables
tacobell
taffy
talisman
tamara
tammy
Tandy
tango
Tanker
Tanner
tanya
tara
tarantul
Tardis
target
tarzan
tasha
tatarin
tattoo
taurus
taxi
taylor
Tazman
tb_admin
tb_administrator
tb_login
tb_member
tb_members
tb_user
tb_username
tbl
tbl_user
tbl_users
tbladmins
tblConfigs
tblUser
t-bone
TDK
tea
Teacher
TEACHERS
tech
techno
teddy
teddy1
telecom
telephone
temp
temp_pass
temp_password
temporal
temppass
temppasword
Tennis
tenretni
tequila
Teresa
terminal
terminator
terry
test
test1
test123
test1234
test2
tester
testing
testtest
texas
text
texte
tfarcraw
theatre
theboss
theking
Theman
theresa
thething
thomas
thumbs
thumper
THUNDER
thunderb
thursday
thx1138
Tiffany
tiger
Tigers
tigger
tigre
tim
timber
time
time2be
TIMEOUT
timothy
tina
tinker
Tinman
tintin
Titel
title
toby
today
Tolkien
tom
tomcat
tommy
TOMORROW
tony
toor
Tootsie
TOP
topcat
Topgun
topher
toronto
toyota
tr1n1ty
Tractor
tracy
trade
training
travel
Travis
trebor
trek
trevor
tricia
trident
trilogy
Trinity
tristan
Trixie
troppus
Trouble
truck
Trucks
Trumpet
trustno1
tucker
tuesday
Turbo
turtle
tv
Tweety
twins
tyler
u
u_n
u_name
u_p
u_pass
ua123
ubludok
ubqe2kg7
ufolog
ugly
uid
uin
ukraina
ultra
un
un1ver$e
un1verse
uname
undead
unicorn
UNIVERSE
UNIX
unknovn
UNKNOVVN
UNKNOWN
unlimit
UNREAL
unstable
uoyevoli
uoykcuf
up
upiter
url
URSA
usa
usa123
user
user_admin
user_email
user_id
user_info
user_ip
user_level
user_list
user_login
user_n
user_name
user_pass
user_passw
user_passwd
user_password
user_pw
user_pwd
user_pword
user_pwrd
user_uname
user_username
user_usernm
user_usernun
user_usrnm
user1
user123
useradmin
UserControl
userid
userinfo
userip
Userlogin
usern
username
usernames
usernm
userpass
userpasswd
userPassword
userpw
userpwd
users
usr
usr_n
usr_name
usr_nusr
usr_pass
usr_pw
usr2
usrn
usrnam
usrname
usrnm
usrpass
usrs
usuario
utopia
VACATION
vader
valentin
valerie
valhalla
valid
validpas
Vampire
Vanessa
vanilla
vb_user
VCXZ
vcxzfdsa
velvet
venera
venus
VERITAS
vermont
veronica
VERSUS
Vette
vicky
victor
victoria
victory
video
vietnam
Viking
Vikings
village
vincent
violet
vip
Viper
viper1
virginia
virus
visa
vision
vkontakte
vodka
voin
Volley
Volleyb
volvo
VOODOO
Voyager
vpn
VUDUMAN
VUDUMEN
VURDALAK
w1w2w3
w1w2w3w4
walker
Walleye
wally
walter
wanker
warcraft
Warez
warner
warren
warrior
warriors
watch
water
watson
wayne
weapon
weasel
web
WebAdmin
webadmins
webmaste
Webmaster
webmasters
website
Webster
webuser
webusers
wedding
wednesda
weed
Weezer
welcome
Welcome1
wendy
wesley
westeast
western
Whales
Whateve
whatever
wheeling
Wheels
whisky
white
whitney
Wicked
wife
wilbur
Wildcat
william
williams
willie
willow
willy
wilson
win
win2000
win2003
win2008
win32
win95
wind
WINDBURN
Windows
windows2003
windowsxp
windsurf
wine
wings
winner
winnie
winston
winter
winxp
wisdom
WIZARD
WIZARD13
wolf
wolf1
wolfgang
wolfMan
wolverin
Wolves
wombat
women
wonder
Woodland
WOODWORK
woody
word
work
worked
workgroup
world
wp_users
wqsb
wrangler
Wrestle
wright
wsx
ww
wwq
www
wwww
wwwwww
wwwyaru
x_admin
Xanadu
xar_name
xar_pass
xavier
xcountry
xfiles
xsw
xswqaz
xswzaq
XXX
xxxx
xxxxx
xxxxxx
xy
xyz
xzero
xzxzxz
xzxzxzx
yahoo
yamaha
Yankees
Yellow
yh
yhm
yhmm
yhntgb
yoda
yomama
yonghu
york
you
young
yt1n1rt
ytinirt
ytinrete
ytrewq
ytrewq321
yvonne
yxalag
Z
zachary
ZAGADKA
zapata
zaphod
zaq
zaq1xsw2
zaqxsw
zaqxswcde
zasranec
zasranez
zaxscd
zaxscdvf
zaxscdvfbg
zebra
zenith
zephyr
zeppelin
zero0
zeus
zhongguo
ziggy
zippo
Zombie
ZONE51
zoom
Zorro
zsxdc
zsxdcfv
zsxdcfvg
ZUNAMI
ZXC
zxcasd
zxcasdqwe
zxcdsa
zxcdsa11
zxcdsa12345
zxcdsa22
zxcdsa33
zxcdsa44
zxcdsaqwe11
zxcdsaqwe12345
zxcdsaqwe22
ZXCV
ZXCVB
zxcvbn
Zxcvbnm
zxcvbnm,
zxcvfdsa
ZXCZXC
zxzxzx
zxzxzxz
zyxel
ZZZ
zzzzzz











